28 10110101001001
30 000001110010
31 000001110001
32 01000100011
33 1000101110
34 0111001111
35 111000010
36 0000011101
37 111000011
38 001000100
39 10101110
40 11010101
41 01101001
42 00000011
43 1111011
44 0111000
45 1001101
46 1001011
47 0010000
48 0110111
49 0110001
50 0111111
51 0111011
52 0101001
53 0111110
54 1100111
55 00000010
56 1101100
57 00000101
58 00100111
59 00010101
60 00111010
61 01110010
62 11101101
63 000000000
64 11010100
65 01000111
66 10011100
67 011100110
68 10100110
69 11100101
70 11101100
71 10100001
72 10011110
73 10100000
74 11101111
75 10001111
76 10011111
77 10110100
78 10100011
79 10011001
80 11001001
81 11110101
82 11100000
83 10110111
84 11100100
85 01100000
86 01011001
87 01111001
88 01000110
89 01001001
90 10000110
91 01011000
92 00001110
93 1111111
94 1110001
95 1101110
96 1100110
97 1010110
98 0100001
99 1001010
100 0011100
101 0110011
102 0110110
103 1010010
104 1101101
105 1100000
106 1101111
107 00011100
108 1011001
109 01001000
110 00011101
111 01011011
112 00110001
113 1111110
114 00110000
115 00001101
116 1101001
117 1110101
118 1011101
119 1110100
120 1100011
121 1011000
122 1011111
123 1010101
124 0101000
125 0010010
126 0001111
127 0010101
128 0001001
129 0000101
130 0001011
131 1001001
132 0110010
133 1100010
134 1000001
135 1000100
136 1011100
137 1000010
138 0111101
139 0101111
140 0011111
141 0100111
142 0010111
143 0001101
144 0101110
145 0011011
146 0101011
147 0011110
148 1000110
149 0111010
150 0100000
151 0010100
152 0001000
153 0010110
154 0000100
155 111110
156 0001100
157 0100101
158 1000000
159 0110101
160 0100110
161 1010100
162 1101000
163 00000001
164 1100101
165 00000110
166 1101011
167 01000101
168 01011010
169 10010001
170 00100110
171 00110100
172 1111001
173 00010100
174 00001100
175 00111011
176 00100011
177 00110101
178 10001010
179 11000010
180 11110100
181 11100111
182 10010000
183 11100110
184 100010110
185 001100101
186 000011110
187 11101110
188 000001111
189 001100100
190 10111101
191 11110001
192 000000001
193 01101000
194 10011101
195 11001000
196 10100111
197 000001000
198 11110000
199 000011111
200 10001110
201 10110110
202 01010101
203 11000011
204 000001001
205 01111000
206 01100001
207 01010100
208 10101111
209 10000111
210 10111100
211 10011000
212 00110011
213 010001001
214 001000101
215 101000100
216 101101011
217 101000101
218 0100010000
219 1011010101
220 0111001110
221 1000101111
222 10110101000
223 010001000101
224 000001110000
225 010001000100
226 0000011100110
227 101101010011
229 10110101001000
230 0000011100111
232 10110101001011
238 10110101001010
