163 163 0100
136 136 11
105 105 100
105 136 01110
136 105 000101
136 163 01101
163 193 011000
210 210 01111
210 193 00000001
105 77 000001
163 136 10111
193 210 0010111
163 105 00100111
77 51 001000
193 105 0010010110
136 77 00100100
51 51 0011
210 163 101001011
77 40 0110010
51 40 0000001
223 210 0010110110
40 51 101000
163 210 101001010
210 223 011001101
210 136 00010001111
105 51 1011011
136 193 011001100
223 223 00101101110
136 210 000100011001
223 193 00010001110
193 163 1011010
40 40 0001001
77 77 00011
193 193 00001
77 105 10101
223 163 000100011000
210 77 1010010000
105 40 10110010
163 77 001001010
51 77 001010
40 136 001011000
223 77 1010010001111
105 163 00100110
136 51 000100010
51 105 00010000
210 105 0010010111
77 136 1011000
193 136 0000000011
105 193 101100111
40 105 000000000
163 40 00000000101
51 193 101001000110
210 40 00101100101
105 210 00101100100
193 40 00000000100
40 77 1010011
51 136 01100111
40 163 1011001101
193 51 10110011001
77 210 10110011000
163 51 0010110011
136 40 001011010
105 223 1010010001110
77 163 101001001
77 193 1010010001001
51 163 00101101111
163 238 1010010001000
193 77 000100011011
28 40 1010010001011
193 223 000100011010
210 51 1010010001010
0101
