160 160 11100110000
159 157 00010000101
156 155 001001001
154 153 110011000
153 158 1110011011
165 171 0111011010011
173 165 0111011010010
144 123 0111011011101
95 93 10011100111
95 103 00010000100
106 105 10011100110
103 104 1100011010
102 104 1100000101
108 112 0001001101
116 120 0010010100
122 123 000111001
128 128 0000100011
129 130 0000111010
131 130 1110011010
130 130 11011011
131 131 000111111
132 132 1100111000
134 135 1100000100
135 135 1110000101
134 132 11100110011
129 128 1100111011
130 131 1110000100
130 129 000111110
128 127 110011111
126 126 11011010
127 128 0001111001
128 126 011101101000
123 118 011101101011
113 109 11100110010
108 120 0111011011100
138 153 0111011011111
159 158 00010000111
152 147 0111011011110
154 155 1110000111
155 155 11010111
152 151 110011110
149 159 011101101010
158 150 0111011011001
162 192 0111011011000
214 217 0111011011011
218 165 0111011011010
115 103 0111011000101
114 121 0111011000100
121 121 1100111010
119 119 0001111000
120 121 0000110101
124 124 001000101
124 126 1110000110
124 115 0111011000111
110 122 11100111101
150 174 0111011000110
159 159 10011100001
158 157 0000100010
155 154 001000100
153 153 000010111
154 159 11100111100
165 170 10011100000
172 164 11100111111
143 123 11100111110
95 92 0111011000001
95 102 10011100011
133 133 11100111001
132 130 11100111000
129 127 10011100010
129 129 000010110
127 127 110111101
113 110 011100010101
106 118 011100010100
135 150 011100010111
158 158 1110000001
153 149 11100111011
151 157 011100010110
156 151 00010000110
159 184 0111011000000
206 216 0111011000011
220 177 0111011000010
128 105 0111011001101
109 120 011100010001
122 120 11100111010
123 124 1100000111
126 127 0001001100
156 156 11001101
156 160 1110000000
165 169 11100100101
170 163 0111011001100
143 124 10011101101
94 92 011100010000
106 104 011100010011
131 132 0001111011
132 131 00010000001
128 129 0000110100
124 119 0111011001111
114 111 011100010010
104 114 11100100100
130 146 0111011001110
156 159 11100100111
156 153 10011101100
153 152 110111100
154 154 11001011
153 151 1101000101
155 170 11100100110
194 212 0111011001001
222 198 0111011001000
153 113 0111011001011
102 115 011100011101
122 118 0111011001010
124 130 011100011100
129 113 0111011110101
87 67 0111011110100
158 161 11100100001
164 167 11100100000
168 161 011100011111
142 124 011100011110
94 102 11100100011
124 120 011100011001
115 112 11100100010
103 111 0111011110111
125 140 011100011000
156 154 011100011011
156 152 011100011010
151 152 0000110111
179 203 011100000101
219 217 0111011110110
185 132 0111011110001
102 108 0111011110000
118 117 011100000100
124 127 011100000111
128 124 11100101101
110 84 0111011110011
54 34 0111011110010
161 163 011100000110
164 165 0111011111101
166 159 0111011111100
93 91 10011101111
94 101 011100000001
105 104 011100000000
102 103 0001001111
125 126 0001111010
125 121 11100101100
117 114 0111011111111
104 109 0111011111110
120 135 0111011111001
149 157 0111011111000
157 157 000010101
151 153 1110000011
149 149 0010000101
166 188 0111011111011
211 225 011100000011
211 161 0111011111010
116 105 0111011100101
112 117 0111011100100
132 134 1110000010
128 107 0111011100111
77 52 0111011100110
40 38 0111011100001
163 164 0111011100000
163 163 0000110110
163 158 11100101111
141 125 11100101110
105 103 011100000010
124 125 10011101110
125 122 11100101001
118 115 0111011100011
106 109 11100101000
117 130 011100001101
145 155 011100001100
157 156 0010000100
155 152 011100001111
152 153 0001001110
148 145 011100001110
199 219 0111011100010
223 192 0111011101101
143 112 0111011101100
108 117 0111011101111
134 128 0111011101110
110 81 011100001001
52 38 0111011101001
43 52 00010000000
155 156 1110001101
156 157 1101000100
157 158 1110001100
165 165 0001001001
163 161 0111011101000
161 156 011100001000
93 101 0111011101011
126 123 1101000111
119 116 011100001011
108 109 011100001010
115 126 011100110101
141 153 011100110100
159 160 011100110111
152 154 011100110110
155 153 11100101011
149 146 11100101010
149 153 1101000110
188 203 0111011101010
221 217 011100110001
176 127 0111010010101
108 115 0111010010100
123 103 0111010010111
75 52 0111010010110
42 43 0111010010001
48 52 1101000001
158 159 00010000011
166 165 0111010010000
163 160 11111010101
160 156 10011101001
93 100 011100110000
104 103 11111010100
101 102 1110001111
127 125 11111010111
125 125 110101101
123 125 1100000110
119 117 00010000010
110 110 0111010010011
114 124 0111010010010
139 152 0111010011101
150 155 0111010011100
150 148 1100000001
146 143 10011101000
182 190 011100110011
215 230 0111010011111
198 139 0111010011110
109 114 011100110010
110 79 0111010011001
44 31 0111010011000
40 51 0111010011011
50 43 11111010110
152 155 10011101011
162 165 011100111101
166 166 0111010011010
160 161 10011101010
143 121 011100111100
90 88 11111010001
91 99 011100111111
101 103 001001110
107 111 0000110001
115 119 0010000111
121 122 0010000110
127 129 11111010000
128 130 11111010011
127 124 011100111110
122 121 11111010010
120 122 1110001110
125 127 00010001101
124 122 11111011101
126 125 011100111001
123 121 11111011100
118 116 11111011111
109 108 011100111000
111 122 0111010000101
136 147 0111010000100
152 152 110010101
151 151 110010100
133 183 0111010000111
207 216 0111010000110
229 199 0111010000001
135 96 0111010000000
113 116 0111010000011
120 123 011100111011
122 117 0111010000010
51 51 10010010101
50 50 1110001001
51 52 1110001000
159 161 11111011110
163 165 0111010001101
164 162 011100111010
129 126 011100100101
123 122 011100100100
120 120 0111010001100
123 128 11111011001
133 136 011100100111
124 121 11111011000
110 109 11111011011
111 121 11111011010
135 146 011100100110
150 150 110101100
154 152 00010001100
151 150 1100000000
140 164 0111010001111
198 220 0111010001110
223 207 0111010001001
161 112 0111010001000
111 123 0111010001011
134 127 0111010001010
100 73 0111010110101
48 48 10010010100
49 49 1101000000
160 159 0000110000
159 162 11111000101
165 164 0111010110100
161 157 011100100001
158 160 011100100000
160 158 011100100011
161 159 10010010111
143 122 0111010110111
89 87 11111000100
90 98 011100100010
103 102 00010001111
123 123 10010010110
120 119 011100101101
117 115 0111010110110
116 119 10010010001
123 126 00010001110
111 110 011100101100
112 121 10010010000
135 145 011100101111
148 148 1101000011
147 146 0000110011
145 144 001001000
181 217 0111010110001
219 218 0111010110000
194 143 0111010110011
111 125 011100101110
130 109 011100101001
70 38 0111010110010
45 47 10010010011
48 50 011100101000
49 48 10010010010
163 159 011100101011
159 163 10010011101
166 162 0111010111101
88 86 10010011100
102 101 10010011111
100 102 00010001001
130 128 00010001000
127 126 10010011110
129 132 00010001011
139 139 1101000010
139 137 1101001101
132 126 0111010111100
120 117 011100101010
119 120 00010001010
122 125 10010011001
112 110 0111010111111
134 143 0111010111110
151 149 1110001011
148 146 10010011000
144 144 110011001
143 137 011111010101
162 199 011111010100
219 227 0111010111001
214 182 0111010111000
97 107 0111010111011
102 73 011111010111
48 36 011111010110
47 49 00010110101
50 52 1110001010
51 49 10010011011
47 45 11111000111
159 164 11111000110
164 156 011111010001
149 147 1110110101
161 160 0111010111010
89 97 0111010100101
101 100 11111000001
99 101 0001001000
134 136 011111010000
139 141 1101001100
143 147 011111010011
152 156 11111000000
170 172 011111010010
173 172 10010011010
167 159 0111010100100
150 145 0111010100111
128 122 011111011101
117 119 00010110100
125 129 00010110111
123 120 011111011100
111 120 0111010100110
133 142 0111010100001
146 144 110111111
142 142 1110110100
137 143 0111010100000
145 170 0111010100011
214 228 0111010100010
217 215 0111010101101
116 98 0111010101100
69 45 0111010101111
39 45 011111011111
53 53 00010110110
52 49 10010000101
46 44 1110110111
161 165 10010000100
160 147 0111010101110
152 159 0111010101001
162 161 0000110010
87 85 011111011110
88 96 011111011001
99 100 10010000111
131 133 1110110110
139 142 10010000110
145 149 1101001111
164 169 00010110001
181 181 10010000001
180 180 10010000000
179 179 11111000011
156 144 0111010101000
129 120 11111000010
120 124 011111011000
124 123 00010110000
122 119 011111011011
116 115 0111010101011
110 119 011111011010
132 142 0111010101010
149 150 00010110011
150 151 11111001101
150 149 00010110010
149 148 110111000
147 145 0100101010101
144 142 00010111101
141 141 1100000011
135 149 11111001100
138 146 0100101010100
194 217 0100101010111
216 230 0100101010110
185 144 0100101010001
96 64 011111000101
49 41 011111000100
41 45 11111001111
53 54 11111001110
54 53 011111000111
164 161 0100101010000
164 166 0100101010011
155 135 011111000110
127 130 011111000001
151 158 0100101010010
162 159 0100101011101
86 84 10010000011
87 95 10010000010
100 99 0001001011
98 99 11111001001
128 132 00010111100
136 134 11111001000
132 136 10010001101
138 140 11111001011
143 146 11111001010
149 154 11111110101
160 164 10010001100
172 171 000111000
171 172 10010001111
175 180 0100101011100
185 188 10010001110
185 176 0100101011111
160 141 0100101011110
125 119 011111000000
121 124 011111000011
122 122 11111110100
120 118 011111000010
115 113 0100101011001
109 107 0100101011000
109 118 11111110111
131 141 011111001101
148 149 1110110001
146 146 110111110
143 141 1101001110
141 140 0000111001
140 145 11111110110
138 137 1100000010
163 199 0100101011011
220 227 0100101011010
229 157 0100101000101
76 39 0100101000100
39 47 0100101000111
48 47 10010001001
52 51 10010001000
51 50 1101001001
166 164 011111001100
167 167 1100001101
151 128 011111001111
118 123 011111001110
150 158 0100101000110
163 162 0100101000001
162 158 0100101000000
143 125 0100101000011
136 142 011111001001
145 140 011111001000
130 125 11111110001
128 134 011111001011
142 143 110110011
154 157 011111001010
168 169 011111110101
170 173 0100101000010
175 179 11111110000
182 183 0100101001101
200 199 10010001011
189 165 0100101001100
137 117 0100101001111
111 114 0000101001
114 112 11111110011
108 107 011111110100
143 143 1100001100
142 141 1100001111
147 138 0100101001110
141 136 11111110010
139 186 0100101001001
226 219 0100101001000
244 160 0100101001011
68 29 0100101001010
35 50 0100101110101
55 55 1110110000
48 49 00010111111
49 50 011111110111
167 168 11111111101
165 156 011111110110
128 91 0100101110100
93 129 0100101110111
153 162 0001001010
167 166 0000111101
163 157 001000111
140 120 0010000001
78 78 011111110001
83 91 1100001110
95 95 11111111100
96 99 1101001000
104 108 0000111100
116 116 110110010
121 123 00010111110
129 134 0100101110110
112 115 011111110000
128 131 10010001010
135 137 10010110101
138 141 11111111111
147 152 0100101110001
163 169 0100101110000
177 180 0100101110011
183 186 0100101110010
185 190 11111111110
197 200 10010110100
190 164 0100101111101
130 105 0100101111100
116 110 0100101111111
114 125 0100101111110
124 112 0100101111001
105 108 10010110111
106 119 0100101111000
145 146 11111111001
144 141 11111111000
144 150 0100101111011
148 141 011111110011
140 142 1100001001
143 142 1101001011
141 143 00010111001
133 141 011111110010
146 140 011111111101
134 151 11111111011
196 238 0100101111010
169 97 0100101100101
37 32 0100101100100
47 47 11111111010
47 55 00010111000
41 47 011111111100
49 45 1101001010
44 48 10010110110
163 145 0100101100111
115 85 0100101100110
94 131 0100101100001
96 95 10010110001
129 131 1101010101
135 136 1110110011
136 140 10010110000
146 152 11111100101
163 168 11111100100
174 178 1100001000
180 183 011111111111
186 190 11111100111
193 198 011111111110
197 185 0100101100000
167 152 0100101100011
102 98 011111111001
102 114 0100101100010
117 111 011111111000
107 110 0100101101101
135 147 0100101101100
145 145 1101010100
141 137 10010110011
140 147 11111100110
148 144 011111111011
136 144 0100101101111
145 139 0100101101110
142 159 0100101101001
176 184 011111111010
100 60 0100101101000
33 40 0100101101011
54 52 00010111011
49 54 011111100101
44 52 011111100100
48 38 011111100111
46 60 011111100110
51 27 0100101101010
165 168 0100100010101
154 127 0100100010100
97 79 0100100010111
96 133 0100100010110
79 79 11111100001
84 92 11111100000
118 118 11111100011
119 122 011111100001
109 112 10010110010
117 120 11111100010
134 134 10010111101
135 138 10010111100
145 150 011111100000
171 176 011111100011
181 186 011111100010
189 191 11111101101
194 193 011111101101
193 195 011111101100
197 197 11111101100
192 188 0100100010001
135 122 11111101111
105 99 011111101111
105 113 11111101110
111 105 0100100010000
104 102 011111101110
105 117 011111101001
135 148 0100100010011
152 150 10010111111
137 131 11111101001
131 139 0100100010010
146 148 00010111010
141 142 10010111110
154 162 0100100011101
141 109 0100100011100
47 39 0100100011111
39 48 0100100011110
53 49 11111101000
44 44 11111101011
50 51 00010100101
53 57 11111101010
53 45 11110010101
166 163 11110010100
139 107 0100100011001
85 79 0100100011000
99 133 11110010111
96 96 0010000000
97 100 1101010111
119 118 011111101000
118 122 0100100011011
123 119 0100100011010
134 137 011111101011
143 149 011111101010
163 166 011110010101
172 178 011110010100
184 187 11110010110
188 188 0100100000101
193 191 011110010111
190 191 11110010001
194 198 011110010110
201 202 011110010001
201 183 0100100000100
139 96 0100100000111
90 111 0100100000110
113 97 0100100000001
104 101 0100100000000
104 116 011110010000
134 148 0100100000011
149 144 0100100000010
133 121 011110010011
115 123 0100100001101
139 151 0100100001100
144 143 1100001011
142 151 011110010010
161 148 0100100001111
100 52 0100100001110
37 44 0100100001001
46 45 0100100001000
45 44 011110011101
55 44 0100100001011
52 70 0100100001010
61 44 0100100110101
64 105 0100100110100
163 151 0100100110111
120 92 0100100110110
82 84 0100100110001
102 130 0100100110000
84 93 0000111000
97 96 11110010000
121 120 0100100110011
119 121 00010100100
117 112 011110011100
142 146 011110011111
160 165 011110011110
174 181 011110011001
185 186 011110011000
184 183 0100100110010
189 194 011110011011
199 204 10010111001
209 212 011110011010
225 227 0100100111101
187 118 0100100111100
83 96 0100100111111
107 97 0100100111110
102 100 11110010011
134 149 11110010010
153 147 0100100111001
133 112 0100100111000
96 101 00010100111
126 149 0100100111011
142 144 10010111000
146 139 0100100111010
143 157 0100100100101
153 116 0100100100100
65 30 0100100100111
41 49 11110011101
52 46 011110000101
45 51 011110000100
52 43 011110000111
53 71 0100100100110
67 61 0100100100001
97 151 0100100100000
153 134 0100100100011
103 85 0100100100010
85 87 0100100101101
102 128 0100100101100
80 80 10010111011
85 93 1101010110
97 97 1110110010
97 101 11110011100
111 113 0100100101111
116 117 011110000110
118 120 11110011111
128 133 011110000001
137 139 00010100110
138 138 1110111101
141 144 1110111100
157 165 011110000000
175 181 011110000011
182 182 011110000010
182 184 011110001101
184 191 10010111010
206 207 10010100101
210 212 1110111111
201 226 0100100101110
219 161 0100100101001
102 84 011110001100
93 102 0100100101000
98 97 11110011110
101 115 0100100101011
153 150 011110001111
136 109 0100100101010
81 78 11110011001
106 139 0100111010101
143 144 10010100100
147 150 00010100001
126 78 0100111010100
44 34 0100111010111
49 53 1110111110
53 48 1101010001
52 47 11110011000
47 52 011110001110
56 61 011110001001
78 106 0100111010110
136 153 0100111010001
137 116 0100111010000
91 85 0100111010011
89 86 0100111010010
99 128 0100111011101
98 101 10010100111
117 113 0100111011100
112 111 11110011011
114 115 011110001000
116 118 011110001011
141 139 1110111001
140 141 0000111111
154 163 0100111011111
174 177 10010100110
176 177 00010100000
183 190 011110001010
210 210 1110111000
205 202 0100111011110
202 205 10010100001
196 210 0100111011001
223 206 0100111011000
149 93 0100111011011
79 95 0100111011010
94 94 10010100000
100 115 0100111000101
149 152 011110110101
143 111 0100111000100
71 58 0100111000111
86 123 0100111000110
143 145 10010100011
140 148 0100111000001
152 133 0100111000000
89 48 0100111000011
36 45 11110011010
54 54 011110110100
52 50 011110110111
48 42 11110000101
47 61 0100111000010
69 75 0100111001101
103 140 0100111001100
152 141 0100111001111
124 105 0100111001110
86 87 0100111001001
90 83 0100111001000
95 129 0100111001011
112 114 11110000100
116 114 011110110110
114 117 10010100010
121 125 10010101101
127 134 0100111001010
143 140 00010100011
140 140 0000101000
172 173 00010100010
171 174 0100111110101
185 196 0100111110100
202 206 00010101101
209 207 11110000111
201 198 0100111110111
200 204 1110111011
221 204 0100111110110
215 232 0100111110001
193 112 0100111110000
71 81 0100111110011
92 92 011110110001
99 115 011110110000
145 152 011110110011
148 115 0100111110010
68 47 0100111111101
74 112 011110110010
137 155 011110111101
156 117 0100111111100
63 32 0100111111111
36 51 0100111111110
51 48 1100001010
46 47 11110000110
51 53 00010101100
53 52 011110111100
51 64 0100111111001
82 104 0100111111000
129 147 0100111111011
149 141 0100111111010
89 90 0010000011
89 91 1100100101
91 84 0010000010
96 126 0001110101
147 158 1100100100
138 119 0001110100
98 100 1110111010
98 102 1110100101
104 105 011110111111
112 120 011110111110
118 111 0100111100101
117 127 0100111100100
125 111 0100111100111
107 115 11110000001
115 105 0100111100110
114 114 11110000000
114 116 011110111001
119 124 0100111100001
127 133 10010101100
141 146 0100111100000
139 147 0100111100011
156 164 011110111000
178 192 011110111011
199 199 00010101111
198 197 0100111100010
198 200 11110000011
202 203 00010101110
203 202 0100111101101
205 214 0100111101100
218 193 0100111101111
136 84 0100111101110
70 87 011110111010
90 120 0100111101001
136 146 011110100101
165 139 0100111101000
146 149 1110100100
144 114 011110100100
65 38 0100111101011
58 95 0100111101010
126 135 011110100111
144 146 11110000010
142 139 10010101111
142 147 011110100110
138 159 0100110010101
124 64 0100110010100
34 37 011110100001
50 49 11110001101
52 55 11110001100
56 72 0100110010111
104 136 0100110010110
149 160 011110100000
86 83 011110100011
85 92 0100110010001
109 117 011110100010
119 115 0100110010000
117 125 011110101101
123 110 011110101100
104 111 0100110010011
115 111 011110101111
113 114 11110001111
123 127 11110001110
140 135 011110101110
134 139 0100110010010
135 134 1110100111
146 153 0100110011101
166 181 011110101001
192 197 11110001001
197 195 0100110011100
197 198 10010101110
200 202 11110001000
203 204 011110101000
204 204 00010101001
204 210 011110101011
219 215 0100110011111
191 165 0100110011110
78 66 011110101010
88 105 0100110011001
136 148 011001010101
142 118 0100110011000
79 48 11110001011
47 62 011001010100
106 124 0100110011011
151 143 011001010111
156 142 0100110011010
93 51 0100110000101
39 44 011001010110
53 55 1110100110
51 44 011001010001
45 52 011001010000
54 51 011001010011
65 90 0100110000100
120 138 0100110000111
156 161 0100110000110
85 82 011001010010
84 91 1110100001
97 103 0100110000001
107 108 10010101001
110 115 011001011101
119 107 0100110000000
102 107 011001011100
127 131 11110001010
136 138 10010101000
138 133 0100110000011
150 162 0100110000010
179 193 0100110001101
198 196 011001011111
190 186 0100110001100
194 195 11110110101
202 204 011001011110
204 205 10010101011
206 206 00010101000
204 203 011001011001
208 216 0100110001111
219 216 0100110001110
119 70 0100110001001
86 96 0100110001000
138 152 0100110001011
144 161 11110110100
150 152 10010101010
144 116 0100110001010
76 44 0100110110101
86 107 11110110111
133 144 011001011000
141 135 011001011011
158 110 0100110110100
58 38 0100110110111
54 57 011001011010
46 53 00101010101
53 46 11110110110
86 115 011001000101
140 143 011001000100
144 154 011001000111
162 163 0001110111
83 81 011001000110
101 104 011001000001
108 111 11110110001
113 115 011001000000
142 129 0100110110110
114 104 0100110110001
103 107 11110110000
121 126 011001000011
131 134 011001000010
136 136 1101010000
131 136 00010101011
129 124 0100110110000
173 179 0100110110011
186 189 11110110011
188 187 011001001101
187 188 0100110110010
194 196 011001001100
198 201 0100110111101
203 203 11110110010
203 201 11110111101
201 205 11110111100
211 215 011001001111
185 115 0100110111100
78 98 0100110111111
136 155 0100110111110
140 159 00010101010
149 156 0100110111001
147 113 0100110111000
68 41 0100110111011
38 46 0100110111010
48 79 0100110100101
120 144 0100110100100
147 151 1110100000
125 73 0100110100111
42 37 0100110100110
47 57 1101010011
52 53 0100110100001
51 55 00101010100
114 133 0100110100000
148 150 1100100111
149 155 0100110100011
162 164 0100110100010
82 80 00011010101
82 90 0100110101101
95 96 1110100011
97 99 001001011
105 110 0100110101100
108 104 0100110101111
164 135 0100110101110
107 102 0100110101001
107 109 11110111111
122 128 11110111110
132 135 011001001110
133 132 011001001001
131 127 00101010111
123 131 0100110101000
154 176 0100110101011
187 187 0100110101010
185 182 0100001010101
179 181 011001001000
188 194 0100001010100
195 196 11110111001
199 200 00011010100
201 201 011001001011
201 200 0100001010111
198 199 00101010110
207 208 00101010001
228 168 0100001010110
70 100 0100001010001
127 156 0100001010000
146 154 0100001010011
146 117 0100001010010
77 49 011001001010
43 48 011001110101
25 72 0100001011101
135 180 0100001011100
194 188 011001110100
180 177 011001110111
86 46 0100001011111
46 46 11110111000
53 47 011001110110
50 56 11110111011
60 87 0100001011110
146 156 011001110001
158 155 0100001011001
156 163 011001110000
81 89 11110111010
94 95 00011010111
99 98 0100001011000
101 107 011001110011
177 135 0100001011011
101 101 011001110010
111 111 011001111101
142 128 0100001011010
134 152 0100001000101
172 186 0100001000100
182 185 00011010110
190 194 011001111100
196 196 11110100101
203 199 0100001000111
199 205 011001111111
209 209 1110100010
231 198 0100001000110
118 153 011001111110
157 151 0100001000001
84 47 011001111001
30 31 0100001000000
84 122 0100001000011
173 209 0100001000010
212 210 00011010001
91 40 0100001001101
49 52 1110101101
48 55 011001111000
55 48 11110100100
47 50 011001111011
45 50 11110100111
86 127 0100001001100
145 158 0100001001111
162 155 011001111010
153 160 0100001001110
80 78 11110100110
80 88 00101010000
95 97 00101010011
102 106 011001100101
105 106 0100001001001
117 131 0100001001000
176 130 0100001001011
96 100 11110100001
130 124 00101010010
125 139 0100001001010
158 170 0100001110101
174 176 00101011101
172 174 1100100110
177 182 11110100000
187 189 11110100011
194 194 11110100010
196 198 011001100100
204 199 0100001110100
197 202 11110101101
205 203 0100001110111
203 206 11110101100
218 211 011001100111
145 93 0100001110110
118 148 0100001110001
157 154 0100001110000
161 151 11110101111
138 114 0100001110011
70 35 0100001110010
42 70 0100001111101
166 182 0100001111100
202 213 0100001111111
214 215 0100001111110
221 228 0100001111001
149 53 0100001111000
51 59 11110101110
42 51 0100001111011
51 45 0100001111010
48 74 0100001100101
117 150 0100001100100
152 158 0100001100111
79 77 0100001100110
93 99 11110101001
130 154 011001100110
170 125 0100001100001
112 109 011001100001
110 121 0100001100000
107 121 011001100000
146 170 0100001100011
179 174 0100001100010
175 182 011001100011
185 181 011001100010
192 192 011001101101
192 193 011001101100
195 197 011001101111
195 192 011001101110
195 203 0100001101101
206 203 0100001101100
203 208 0100001101111
212 218 0100001101110
203 95 0100001101001
123 144 0100001101000
155 150 0100001101011
139 108 0100001101010
55 32 0100000010101
83 154 0100000010100
192 200 0100000010111
209 211 11110101000
209 210 00101011100
217 223 0100000010110
207 67 0100000010001
29 42 0100000010000
55 61 011001101001
38 48 0100000010011
36 54 0100000010010
58 46 011001101000
56 97 0100000011101
137 153 0100000011100
140 154 0100000011111
159 152 11110101011
97 94 11110101010
96 94 000001010101
105 122 000001010100
146 159 011001101011
168 165 011001101010
145 120 000001010111
82 81 1100100001
98 98 0001110110
105 97 0100000011110
99 210 0100000011001
152 120 0100000011000
99 104 0100000011011
110 104 0100000011010
106 117 00011010000
118 125 000001010110
123 115 011000010101
128 145 011000010100
166 175 0100000000101
180 181 000001010001
183 184 011000010111
185 185 00101011111
189 193 0100000000100
196 195 011000010110
194 192 011000010001
195 195 0100000000111
204 209 011000010000
206 184 0100000000110
155 141 0100000000001
148 161 0100000000000
154 148 0100000000011
124 94 0100000000010
91 127 0100000001101
175 204 0100000001100
191 205 0100000001111
216 210 0100000001110
198 198 011000010011
206 55 0100000001001
38 62 0100000001000
41 43 000001010000
46 58 0100000001011
48 43 0100000001010
84 135 0100000110101
150 142 0100000110100
97 95 1110101100
106 122 00101011110
168 167 0100000110111
105 98 000001010011
104 205 0100000110110
94 100 011000010010
106 102 0100000110001
122 124 00101011001
121 119 011000011101
143 150 0100000110000
167 174 0100000110011
178 178 011000011100
178 179 011000011111
179 180 1101010010
185 187 011000011110
191 191 1110101111
191 192 00101011000
193 196 011000011001
199 201 000001010010
201 207 0100000110010
209 198 0100000111101
179 162 0100000111100
156 139 011000011000
154 190 0100000111111
199 189 0100000111110
210 202 0100000111001
196 201 011000011011
213 221 0100000111000
198 58 0100000111011
38 59 0100000111010
48 51 000001011101
41 42 0100000100101
51 47 000001011100
41 61 011000011010
109 144 0100000100100
98 96 1110101110
107 123 000001011111
147 160 00101011011
168 168 000001011110
168 166 0100000100111
145 121 0100000100110
103 98 00101011010
104 107 000001011001
116 200 0100000100001
140 113 0100000100000
95 99 00101000101
104 100 011000000101
103 115 011000000100
118 121 011000000111
117 118 011000000110
125 132 000001011000
156 162 011000000001
168 172 000001011011
176 176 000001011010
175 175 1110101001
188 191 0100000100011
186 187 0100000100010
192 196 011000000000
201 203 000001000101
196 179 0100000101101
159 144 0100000101100
137 162 0100000101111
183 185 0100000101110
183 189 000001000100
201 208 0100000101001
206 205 00101000100
200 195 000001000111
199 210 0100000101000
218 219 0100000101011
174 58 0100000101010
40 57 011000000011
40 43 011000000010
57 43 0100011010101
46 89 0100011010100
138 151 0100011010111
148 157 0100011010110
99 97 000001000110
108 124 000001000001
147 161 011000001101
169 168 000001000000
169 166 0100011010001
146 121 0100011010000
100 98 00011010011
137 198 0100011010011
102 102 00101000111
101 111 011000001100
115 117 0100011010010
117 123 0100011011101
147 149 011000001111
155 162 0100011011100
167 170 011000001110
172 172 00101000110
173 173 1110101000
173 174 0100011011111
181 182 011000001001
190 192 00101000001
193 193 00101000000
189 188 000001000011
190 195 011000001000
195 185 0100011011110
167 153 0100011011001
171 184 011000001011
196 199 011000001010
201 197 011000110101
194 199 011000110100
200 198 011000110111
203 213 0100011011000
218 215 0100011011011
131 53 0100011011010
43 56 0100011000101
49 46 00101000011
41 48 0100011000100
71 117 011000110110
154 151 1110101011
145 159 0100011000111
148 162 011000110001
170 169 0100011000110
170 167 0100011000001
147 122 0100011000000
97 98 00101000010
100 107 0100011000011
145 125 0100011000010
108 105 0100011001101
124 133 011000110000
164 168 0100011001100
169 169 0100011001111
170 171 0100011001110
174 175 00101001101
176 178 00011010010
180 182 0100011001001
190 188 0100011001000
186 184 011000110011
191 187 0100011001011
183 183 0100011001010
182 179 0100011110101
199 192 0100011110100
187 192 011000110010
206 214 0100011110111
205 192 0100011110110
195 205 0100011110001
208 202 011000111101
202 212 0100011110000
218 217 011000111100
81 46 0100011110011
46 56 000001000010
42 55 0100011110010
45 74 0100011111101
107 136 0100011111100
149 162 011000111111
171 170 00011011101
171 168 011000111110
148 123 0100011111111
94 97 011000111001
98 107 0100011111110
183 197 0100011111001
143 126 0100011111000
112 107 0100011111011
103 99 011000111000
103 113 011000111011
132 138 011000111010
129 137 0100011111010
147 153 0100011100101
169 170 000001001101
171 173 00101001100
174 174 00011011100
181 180 011000100101
179 182 0100011100100
187 184 0100011100111
179 176 0100011100110
176 173 0100011100001
193 202 0100011100000
208 204 0100011100011
195 191 0100011100010
198 206 011000100100
201 192 0100011101101
195 212 0100011101100
222 220 0100011101111
47 54 0100011101110
51 42 000001001100
44 59 0100011101001
44 95 0100011101000
150 153 011000100111
150 163 00011011111
171 169 00011011110
148 124 011000100110
93 98 0100011101011
100 105 0100011101010
148 133 0100010010101
119 112 0100010010100
106 101 011000100001
105 114 0100010010111
137 138 1100100000
135 131 000001001111
137 142 011000100000
158 162 00101001111
171 171 000001001110
182 181 011000100011
180 178 011000100010
175 173 011000101101
173 176 00101001110
180 186 011000101100
205 201 0100010010110
196 194 011000101111
181 172 0100010010001
184 204 0100010010000
203 187 0100010010011
33 48 0100010010010
46 48 000001001001
52 44 000001001000
46 59 00101001001
62 115 0100010011101
150 157 011000101110
172 169 011000101001
149 124 0100010011100
92 98 011000101000
100 103 00101001000
92 100 011000101011
200 187 0100010011111
157 143 0100010011110
128 118 0100010011001
109 103 0100010011000
106 113 000001001011
111 118 0100010011011
128 136 00011011001
132 128 011000101010
146 145 0000111110
169 167 00101001011
167 171 00101001010
176 179 00101110101
178 175 011011010101
174 173 1101100001
179 188 000001001010
207 192 0100010011010
169 159 011011010100
174 188 0100010000101
167 133 0100010000100
33 54 0100010000111
45 43 000001110101
84 128 0100010000110
157 155 00101110100
93 97 0100010000001
110 124 0100010000000
149 163 0000111011
172 170 00011011000
150 127 0100010000011
84 82 00101110111
90 102 011011010111
98 91 011011010110
198 186 0100010000010
164 157 0100010001101
143 132 0100010001100
119 98 0100010001111
95 114 0100010001110
116 132 0100010001001
142 136 0100010001000
132 140 011011010001
144 148 00101110110
153 156 00101110001
167 164 011011010000
157 177 0100010001011
157 163 011011010011
164 158 0100010001010
160 169 0100010110101
172 167 011011010010
171 166 0100010110100
173 171 00101110000
191 195 011011011101
197 196 011011011100
194 191 011011011111
191 189 0100010110111
195 204 0100010110110
203 196 0100010110001
198 207 0100010110000
194 150 011011011110
163 175 011011011001
133 186 0100010110011
203 37 0100010110010
44 41 000001110100
57 80 0100010111101
142 145 1101100000
156 158 000001110111
94 98 011011011000
111 124 011011011011
150 128 011011011010
92 103 011011000101
99 96 0100010111100
95 88 011011000100
198 188 0100010111111
147 133 011011000111
121 101 0100010111110
101 122 0100010111001
126 132 00101110011
134 129 0100010111000
136 137 110110001
166 157 011011000110
149 171 0100010111011
153 157 000001110110
166 174 0100010111010
173 166 0100010100101
153 167 0100010100100
191 194 011011000001
197 199 00101110010
206 212 011011000000
188 160 0100010100111
178 142 0100010100110
152 177 0100010100001
161 45 0100010100000
47 46 00011011011
51 54 00101111101
68 99 0100010100011
145 148 00011011010
151 154 00011000101
112 125 011011000011
150 164 011011000010
170 168 000001110001
84 81 011011001101
97 93 011011001100
92 86 011011001111
199 193 0100010100010
180 171 0100010101101
155 143 0100010101100
131 111 0100010101111
108 127 0100010101110
136 139 011011001110
150 141 0100010101001
132 150 0100010101000
166 161 011011001001
157 159 000001110000
158 164 011011001000
158 153 0100010101011
165 175 0100010101010
179 186 011011001011
188 189 0101101010101
202 207 0101101010100
167 162 0101101010111
156 193 0101101010110
90 46 0101101010001
85 124 0101101010000
149 151 00011000100
96 97 1100100011
113 126 011011001010
96 98 00011000111
96 102 0101101010011
202 201 011011110101
183 174 0101101010010
159 150 0101101011101
141 119 011011110100
125 124 011011110111
131 138 0101101011100
136 133 1110101010
138 143 0101101011111
128 135 000001110011
144 145 1101110101
139 131 0101101011110
137 152 0101101011001
177 189 0101101011000
191 201 011011110110
207 207 00011000110
202 187 0101101011011
131 126 0101101011010
77 126 0101101000101
181 178 0101101000100
46 35 0101101000111
49 51 000001110010
49 60 0101101000110
101 144 0101101000001
155 157 00011000001
114 128 0101101000000
151 165 000001111101
151 129 011011110001
83 80 0101101000011
95 94 011011110000
93 86 011011110011
205 207 011011110010
188 173 011011111101
151 142 0101101000010
137 119 0101101001101
119 125 0101101001100
133 135 011011111100
131 125 011011111111
132 133 000001111100
139 135 0101101001111
106 98 0101101001110
101 108 000001111111
136 151 0101101001001
130 126 0101101001000
117 110 011011111110
108 113 011011111001
111 100 011011111000
89 85 0101101001011
84 130 0101101001010
164 172 011011111011
176 181 0101101110101
191 206 0101101110100
193 192 000001111110
191 190 0101101110111
191 193 000001111001
194 206 0101101110110
213 210 0101101110001
203 190 0101101110000
165 140 0101101110011
91 88 011011111010
105 147 0101101110010
215 103 0101101111101
46 34 0101101111100
45 45 0101101111111
51 73 0101101111110
115 152 0101101111001
101 99 0101101111000
99 99 0101101111011
115 129 0101101111010
95 85 000001111000
196 170 0101101100101
138 127 011011100101
128 117 0101101100100
109 119 0101101100111
113 125 011011100100
136 132 0101101100110
125 105 0101101100001
117 134 0101101100000
108 96 0101101100011
79 76 0101101100010
80 81 011011100111
67 47 0101101101101
92 139 0101101101100
174 184 0101101101111
192 198 0101101101110
190 190 011011100110
209 208 011011100001
198 180 0101101101001
157 131 0101101101000
104 84 011011100000
156 185 011011100011
170 52 0101101101011
43 46 0101101101010
58 93 0101100010101
131 152 011011100010
100 100 00101111100
99 103 0101100010100
116 130 0101100010111
152 129 0101100010110
95 100 0101100010001
95 80 0101100010000
195 199 0101100010011
200 169 0101100010010
134 126 011011101101
133 123 0101100011101
110 113 011011101100
119 129 0101100011100
114 105 0101100011111
117 95 0101100011110
76 70 011011101111
99 116 0101100011001
87 73 0101100011000
81 77 0101100011011
76 69 0101100011010
47 32 0101100000101
51 83 011011101110
138 167 0101100000100
183 187 0101100000111
192 182 0101100000110
192 195 000001111011
201 181 0101100000001
153 126 0101100000000
104 90 0101100000011
90 95 011011101001
112 166 0101100000010
168 151 0101100001101
73 51 0101100001100
38 57 011011101000
70 117 0101100001111
152 165 0101100001110
174 172 011011101011
152 130 0101100001001
81 79 0101100001000
95 101 011011101010
94 76 000001111010
189 192 0101100001011
199 170 0101100001010
138 136 00101111111
111 106 0101100110101
137 134 011010010101
127 118 0101100110100
105 95 011010010100
81 67 0101100110111
60 63 0101100110110
98 120 011010010111
94 81 011010010110
96 89 0101100110001
82 70 0101100110000
99 155 0101100110011
144 177 0101100110010
191 184 0101100111101
186 186 0101100111100
172 143 0101100111111
109 87 0101100111110
80 93 0101100111001
127 159 0101100111000
170 190 0101100111011
164 57 0101100111010
19 55 0101100100101
48 41 000001100101
45 57 011010010001
54 49 000001100100
80 133 0101100100100
156 147 0101100100111
162 162 0101100100110
160 157 0101100100001
106 103 000001100111
103 105 000001100110
101 98 011010010000
110 126 0101100100000
154 132 1100100010
84 80 000001100001
81 90 011010010011
98 73 011010010010
107 196 0101100100011
139 118 0101100100010
105 130 0101100101101
136 123 0101100101100
116 121 0101100101111
121 127 011010011101
119 141 0101100101110
104 78 0101100101001
63 76 0101100101000
64 91 0101100101011
97 76 000001100000
69 87 0101100101010
70 89 011010011100
39 90 0101111010101
72 132 0101111010100
140 155 0101111010111
184 182 0101111010110
185 193 0101111010001
193 189 0101111010000
155 100 0101111010011
110 123 0101111010010
134 138 0101111011101
167 165 0101111011100
189 126 0101111011111
61 38 0101111011110
50 46 011010011111
46 72 0101111011001
123 145 0101111011000
144 152 0101111011011
109 126 0101111011010
83 79 00101111110
102 82 0101111000101
106 176 0101111000100
136 120 0101111000111
114 135 0101111000110
125 120 011010011110
126 131 011010011001
112 99 0101111000001
89 67 0101111000000
56 70 0101111000011
54 43 0101111000010
69 100 0101111001101
84 60 0101111001100
75 102 0101111001111
75 70 0101111001110
48 109 0101111001001
118 140 0101111001000
161 189 0101111001011
180 179 011010011000
197 182 0101111001010
186 195 011010011011
162 105 0101111110101
90 112 0101111110100
99 127 0101111110111
154 160 0101111110110
177 186 0101111110001
125 83 0101111110000
44 39 0101111110011
52 57 011010011010
48 45 011010000101
125 146 0101111110010
150 156 011010000100
100 97 011010000111
107 94 0101111111101
100 140 0101111111100
133 120 0101111111111
122 134 0101111111110
117 121 011010000110
120 125 000001100011
87 80 011010000001
73 56 0101111111001
55 75 0101111111000
42 40 0101111111011
59 46 0101111111010
74 98 0101111100101
59 88 0101111100100
63 137 0101111100111
123 187 0101111100110
179 197 0101111100001
179 177 011010000000
178 180 00101111001
185 192 0101111100000
196 171 0101111100011
110 59 0101111100010
67 105 0101111101101
132 159 0101111101100
162 132 0101111101111
62 45 000001100010
36 46 0101111101110
58 58 00011000000
50 45 00101111000
61 98 0101111101001
127 145 0101111101000
107 103 00101111011
99 95 011010000011
82 78 011010000010
79 87 00101111010
111 102 011010001101
93 103 011010001100
178 195 0101111101011
183 179 0101111101010
119 126 0101110010101
127 120 0101110010100
123 114 011010001111
95 86 000001101101
66 51 0101110010111
63 92 0101110010110
69 64 0101110010001
54 55 011010001110
69 83 0101110010000
67 89 0101110010011
116 129 0101110010010
166 185 0101110011101
200 184 0101110011100
179 184 0101110011111
176 199 0101110011110
200 157 0101110011001
105 81 0101110011000
87 98 0101110011011
122 116 0101110011010
125 156 011010001001
180 162 0101110000101
104 54 0101110000100
40 39 0101110000111
45 56 0101110000110
58 51 011010001000
43 41 0101110000001
74 113 0101110000000
129 145 011010001011
103 103 011010001010
98 94 011010110101
104 120 011010110100
97 102 0101110000011
136 188 011010110111
202 192 0101110000010
135 123 0101110001101
126 121 0101110001100
113 99 0101110001111
79 75 000001101100
61 48 0101110001110
69 101 0101110001001
59 74 0101110001000
57 52 0101110001011
74 66 011010110110
55 81 0101110001010
86 100 0101110110101
110 176 0101110110100
171 198 0101110110111
172 191 0101110110110
177 178 00011000011
177 175 000001101111
182 187 011010110001
192 185 0101110110001
187 183 0101110110000
146 99 0101110110011
84 98 011010110000
91 120 0101110110010
132 81 0101110111101
47 37 0101110111100
44 49 000001101110
56 58 011010110011
42 45 011010110010
52 56 0101110111111
90 124 0101110111110
131 144 0101110111001
103 119 011010111101
96 104 000001101001
112 113 011010111100
103 91 0101110111000
105 192 0101110111011
215 189 0101110111010
119 123 011010111111
116 109 0101110100101
97 87 0101110100100
60 59 000001101000
74 79 0101110100111
59 50 0101110100110
69 88 0101110100001
80 66 0101110100000
37 45 0101110100011
73 53 0101110100010
43 85 0101110101101
193 179 0101110101100
182 171 0101110101111
173 178 011010111110
197 188 0101110101110
195 202 0101110101001
169 107 0101110101000
71 73 011010111001
86 114 0101110101011
108 55 0101110101010
34 40 0101001010101
47 53 00101100101
58 55 0101001010100
47 42 011010111000
50 73 011010111011
109 129 011010111010
134 146 0101001010111
162 167 0101001010110
96 92 00101100100
101 117 0101001010001
98 106 0101001010000
97 204 0101001010011
215 166 0101001010010
122 110 0101001011101
117 122 000001101011
107 87 011010100101
76 74 000001101010
61 74 011010100100
64 62 000000010101
68 61 011010100111
91 65 0101001011100
46 43 011010100110
42 46 011010100001
70 97 0101001011111
108 133 0101001011110
172 197 0101001011001
173 154 0101001011000
174 171 0101001011011
168 170 011010100000
175 184 0101001011010
192 202 0101001000101
209 200 0101001000100
172 128 0101001000111
78 45 0101001000110
80 97 011010100011
123 133 011010100010
104 59 0101001000001
39 43 0101001000000
46 54 000000010100
59 55 000000010111
47 44 011010101101
48 53 00011000010
48 93 0101001000011
139 149 011010101100
159 166 0101001000010
108 103 0101001001101
96 91 0101001001100
101 116 011010101111
101 94 011010101110
100 214 0101001001111
210 142 0101001001110
95 116 0101001001001
121 111 000000010110
117 124 0101001001000
132 127 0101001001011
99 68 0101001001010
57 64 011010101001
49 39 0101001110101
53 72 011010101000
73 77 0101001110100
70 43 0101001110111
102 85 000000010001
83 53 0101001110110
17 62 0101001110001
121 116 0101001110000
153 144 0101001110011
190 178 0101001110010
201 180 0101001111101
165 159 0101001111100
176 172 0101001111111
168 171 000000010000
180 190 0101001111110
185 145 0101001111001
88 45 0101001111000
41 88 0101001111011
141 145 00101100111
88 30 0101001111010
31 65 0101001100101
47 56 0101001100100
62 58 0101001100111
45 46 00101100110
48 106 0101001100110
142 152 011010101011
157 166 0101001100001
99 91 0010001101
96 116 0010001100
156 135 000000010011
85 81 000000010010
100 101 000000011101
118 119 000000011100
114 110 0101001100000
106 157 0101001100011
218 120 0101001100010
96 108 0101001101101
123 113 011010101010
59 60 0101001101100
95 44 0101001101111
41 51 0101001101110
49 68 001101010101
67 78 0101001101001
62 71 0101001101000
35 25 0101001101011
64 143 0101001101010
121 182 0101000010101
153 141 0101000010100
158 176 001101010100
165 160 0101000010111
163 176 0101000010110
212 215 001101010111
202 161 0101000010001
98 46 0101000010000
40 62 001101010110
108 169 0101000010011
72 44 0101000010010
50 58 0101000011101
62 56 001101010001
44 43 001101010000
88 115 0101000011100
141 150 0101000011111
154 149 0101000011110
161 164 0101000011001
104 110 0101000011000
115 118 001101010011
99 149 0101000011011
208 130 0101000011010
104 117 001101010010
132 99 001101011101
88 69 0101000000101
55 54 000000011111
60 50 001101011100
61 61 0101000000100
77 95 0101000000111
56 101 0101000000110
46 55 0101000000001
164 154 001101011111
169 185 0101000000000
177 170 0101000000011
168 181 0101000000010
195 200 0101000001101
208 209 000000011110
202 170 0101000001100
112 63 0101000001111
37 51 0101000001110
94 161 0101000001001
82 49 0101000001000
49 57 001101011110
53 59 000000011001
103 122 0101000001011
144 155 0101000001010
145 161 001101011001
87 84 0101000110101
113 117 0101000110100
104 132 0101000110111
167 125 0101000110110
115 134 0101000110001
128 125 0101000110000
120 72 0101000110011
79 64 001101011000
59 61 001101011011
73 46 0101000110010
63 47 0101000111101
75 95 001101011010
45 106 0101000111100
61 112 0101000111111
133 167 0101000111110
170 194 0101000111001
168 184 0101000111000
179 170 0101000111011
175 188 0101000111010
199 203 001101000101
205 208 000000011000
210 213 001101000100
211 184 0101000100101
124 69 0101000100100
82 153 0101000100111
99 54 0101000100110
48 56 00101100001
57 59 0101000100001
60 55 001101000111
50 59 000000011011
123 132 0101000100000
153 154 001101000110
145 162 000000011010
156 136 0101000100011
87 83 000000000101
112 116 0101000100010
119 136 0101000101101
93 58 0101000101100
55 78 001101000001
42 47 001101000000
61 79 0101000101111
68 48 001101000011
57 47 001101000010
63 78 0101000101110
34 73 0101000101001
101 114 0101000101000
162 166 0101000101011
164 187 0101000101010
185 173 0101011010101
170 160 0101011010100
167 169 001101001101
205 205 000000000100
206 211 0101011010111
216 197 0101011010110
141 86 0101011010001
47 43 0101011010000
79 147 0101011010011
118 58 0101011010010
47 58 0101011011101
58 54 0101011011100
57 74 000000000111
147 162 0101011011111
165 158 0101011011110
157 153 0101011011001
149 145 001101001100
147 148 1101110100
157 136 0101011011000
83 92 000000000110
137 120 0101011011011
117 128 001101001111
77 71 000000000001
42 106 0101011011010
69 84 001101001110
48 60 0101011000101
56 66 0101011000100
61 64 0101011000111
31 84 0101011000110
106 136 0101011000001
178 150 0101011000000
172 175 001101001001
193 175 0101011000011
155 149 0101011000010
153 155 000000000000
163 177 0101011001101
177 176 00101100000
175 177 000000000011
213 200 0101011001100
150 98 0101011001111
74 133 0101011001110
132 61 001101001000
49 62 0101011001001
63 58 0101011001000
67 94 0101011001011
161 161 000000000010
151 147 0101011001010
146 162 0101011110101
157 137 001101001011
82 91 0101011110100
163 101 0101011110111
75 101 0101011110110
138 124 0101011110001
103 92 001101001010
72 82 001101110101
46 114 0101011110000
64 66 0101011110011
46 64 0101011110010
56 75 0101011111101
67 106 0101011111100
132 169 0101011111111
170 176 000000001101
157 187 0101011111110
186 164 0101011111001
131 116 0101011111000
134 155 0101011111011
175 178 00011001101
192 191 000000001100
189 201 001101110100
205 183 0101011111010
126 69 0101011100101
43 36 0101011100100
63 112 0101011100111
139 65 0101011100110
53 64 0101011100001
65 56 0101011100000
78 114 001101110111
135 141 0101011100011
151 160 0101011100010
155 159 000000001111
161 158 001101110110
146 163 00101100011
86 82 001101110001
112 118 001101110000
125 130 1101110111
162 76 0101011101101
46 86 001101110011
149 111 0101011101100
83 57 001101110010
69 73 0101011101111
65 94 001101111101
59 51 001101111100
44 54 0101011101110
58 61 0101011101001
58 59 000000001110
187 159 0101011101000
197 165 0101011101011
166 190 0101011101010
172 160 0101010010101
132 116 0101010010100
115 96 0101010010111
139 155 0101010010110
171 177 000000001001
186 193 001101111111
162 146 0101010010001
105 61 0101010010000
47 36 0101010010011
54 91 0101010010010
143 70 0101010011101
55 59 0101010011100
65 54 001101111110
50 54 000000001000
88 131 0101010011111
132 146 0101010011110
158 156 0101010011001
139 138 0010010101
158 137 0101010011000
130 138 001101111001
135 68 001101111000
63 99 0101010011011
144 79 0101010011010
69 63 001101111011
70 59 001101111010
85 75 0101010000101
57 48 0101010000100
82 52 0101010000111
48 46 001101100101
64 46 001101100100
134 176 0101010000110
158 193 0101010000001
193 145 0101010000000
186 181 0101010000011
116 125 0101010000010
126 136 0101010001101
92 90 000000001011
91 122 0101010001100
154 167 0101010001111
184 189 0101010001110
194 182 0101010001001
148 109 0101010001000
100 114 001101100111
115 101 0101010001011
56 41 001101100110
51 80 0101010001010
146 75 0101010110101
55 52 001101100001
66 53 0101010110100
50 55 0101010110111
94 141 0101010110110
131 151 0101010110001
152 149 0101010110000
145 141 0101010110011
97 89 001101100000
82 118 0101010110010
144 162 001101100011
175 176 0101010111101
159 138 001101100010
87 77 001101101101
83 95 0101010111100
103 96 0101010111111
87 107 0101010111110
98 90 0101010111001
134 84 0101010111000
58 65 000000001010
79 111 0101010111011
60 69 0101010111010
69 52 0101010100101
56 62 001101101100
45 41 0101010100100
71 63 0101010100111
48 57 0101010100110
30 39 0101010100001
68 124 0101010100000
158 168 0101010100011
192 177 0101010100010
135 95 0101010101101
74 80 0101010101100
66 43 0101010101111
74 54 0101010101110
63 102 0101010101001
126 119 0101010101000
199 150 0101010101011
111 82 0101010101010
51 46 1010101010101
63 69 001101101111
62 47 001101101110
47 64 1010101010100
162 95 1010101010111
51 60 1010101010110
53 61 001101101001
131 135 000000110101
150 147 001101101000
142 137 001101101011
94 86 1010101010001
87 78 1010101010000
83 93 1010101010011
93 96 00101100010
97 82 1010101010010
115 146 1010101011101
186 143 1010101011100
157 144 1010101011111
151 106 1010101011110
75 56 1010101011001
64 80 1010101011000
73 74 1010101011011
83 85 1010101011010
61 41 1010101000101
45 35 1010101000100
67 58 1010101000111
73 43 001101101010
51 39 1010101000110
102 144 1010101000001
187 199 1010101000000
184 137 1010101000011
85 56 1010101000010
53 60 00101101101
99 74 1010101001101
56 67 1010101001100
154 182 1010101001111
205 198 1010101001110
143 89 1010101001001
74 57 1010101001000
53 40 1010101001011
48 58 001100010101
164 95 1010101001010
59 64 001100010100
50 75 1010101110101
140 137 000000110100
97 88 1010101110100
91 82 1010101110111
75 110 1010101110110
159 137 001100010111
87 79 001100010110
100 96 001100010001
100 80 1010101110001
110 164 1010101110000
154 125 1010101110011
122 64 1010101110010
66 80 1010101111101
66 49 1010101111100
110 108 1010101111111
57 39 001100010000
46 52 000000110111
65 51 1010101111110
45 59 1010101111001
59 49 001100010011
38 68 1010101111000
118 163 1010101111011
171 185 1010101111010
157 102 1010101100101
55 33 1010101100100
72 54 1010101100111
37 69 1010101100110
97 65 001100010010
132 141 000000110110
152 188 1010101100001
206 186 1010101100000
82 43 001100011101
48 110 001100011100
139 89 1010101100011
38 34 001100011111
47 38 001100011110
56 52 1010101100010
167 93 1010101101101
66 64 001100011001
49 98 1010101101100
128 144 1010101101111
145 137 1010101101110
91 81 1010101101001
73 108 001100011000
146 164 001100011011
178 176 00101101100
91 80 1010101101000
85 97 1010101101011
103 95 001100011010
98 87 001100000101
57 144 1010101101010
144 188 1010100010101
146 113 1010100010100
67 45 1010100010111
67 72 001100000100
56 65 1010100010110
57 42 001100000111
50 53 00101101111
82 66 1010100010001
33 53 1010100010000
40 47 1010100010011
39 100 1010100010010
136 170 1010100011101
166 194 1010100011100
199 164 1010100011111
125 103 1010100011110
80 56 1010100011001
104 81 1010100011000
65 113 1010100011011
202 210 1010100011010
149 101 1010100000101
128 137 1010100000100
154 193 1010100000111
196 155 1010100000110
113 80 1010100000001
74 123 1010100000000
149 97 1010100000011
49 44 1010100000010
169 93 1010100001101
55 121 1010100001100
129 148 1010100001111
148 147 1101110110
138 132 1010100001110
140 146 1010100001001
100 90 1010100001000
92 82 001100000110
160 138 1010100001011
97 84 1010100001010
87 101 1010100110101
102 88 001100000001
62 101 1010100110100
84 166 1010100110111
124 87 1010100110110
84 72 1010100110001
43 62 001100000000
112 122 000000110001
66 48 001100000011
46 41 1010100110000
68 54 001100000010
44 38 1010100110011
47 34 1010100110010
86 120 1010100111101
191 188 1010100111100
165 131 1010100111111
120 126 1010100111110
118 98 1010100111001
117 152 001100001101
193 194 000000110000
111 115 001100001100
126 133 1010100111000
157 200 1010100111011
197 144 1010100111010
125 151 1010100100101
154 98 001100001111
74 48 001100001110
170 100 1010100100100
76 56 1010100100111
46 49 1010100100110
69 134 1010100100001
138 135 001100001001
101 91 001100001000
92 81 1010100100000
72 106 1010100100011
145 163 1010100100010
179 178 001100001011
161 140 000000110011
100 86 001100001010
89 102 1010100101101
106 107 000000110010
100 85 001100110101
82 126 1010100101100
149 91 1010100101111
65 73 1010100101110
95 87 1010100101001
89 59 1010100101000
42 71 1010100101011
83 76 1010100101010
91 64 1010111010101
50 39 000000111101
39 59 1010111010100
111 152 1010111010111
177 177 001100110100
208 162 1010111010110
138 144 1010111010001
136 129 001100110111
116 133 1010111010000
126 130 001100110110
155 206 1010111010011
210 164 1010111010010
148 143 1010111011101
129 114 1010111011100
99 77 001100110001
63 67 001100110000
45 55 001100110011
72 49 1010111011111
167 113 1010111011110
44 50 000000111100
91 138 1010111011001
140 151 1010111011000
166 178 1010111011011
99 88 1010111011010
88 77 1010111000101
68 102 001100110010
163 142 001100111101
91 102 1010111000100
108 102 001100111100
154 124 1010111000111
109 84 001100111111
92 33 1010111000110
125 107 1010111000001
89 54 1010111000000
46 69 1010111000011
77 84 001100111110
99 66 1010111000010
49 43 001100111001
34 97 1010111001101
124 175 1010111001100
174 190 1010111001111
158 124 1010111001110
144 149 1010111001001
143 135 1010111001000
134 160 1010111001011
133 129 00101101110
149 200 1010111001010
217 183 1010111110101
144 138 001100111000
134 122 1010111110100
106 94 00101101001
77 57 1010111110111
41 58 001100111011
66 50 1010111110110
162 125 1010111110001
85 55 1010111110000
43 51 1010111110011
44 60 000000111111
113 134 1010111110010
145 151 001100111010
185 189 001100100101
96 85 1010111111101
85 74 1010111111100
64 99 1010111111111
143 161 1010111111110
164 143 1010111111001
87 82 1010111111000
103 110 000000111110
144 103 1010111111011
86 75 001100100100
65 48 1010111111010
78 62 001100100111
101 95 1010111100101
86 56 1010111100100
46 57 000000111001
72 107 1010111100111
81 48 1010111100110
42 49 1010111100001
42 48 1010111100000
55 36 1010111100011
61 102 1010111100010
160 167 1010111101101
82 98 001100100110
121 139 1010111101100
158 169 1010111101111
131 129 001100100001
133 131 1010111101110
144 190 1010111101001
211 187 1010111101000
169 146 1010111101011
133 124 1010111101010
102 71 1010110010101
63 51 1010110010100
158 130 1010110010111
83 50 1010110010110
42 63 001100100000
155 148 1010110010001
136 135 00101101000
159 171 001100100011
185 194 1010110010000
194 190 1010110010011
185 183 1010110010010
90 87 1010110011101
78 64 1010110011100
57 96 001100100010
161 139 000000111000
93 80 001100101101
89 101 00101101011
100 113 1010110011111
123 111 1010110011110
139 119 1010110011001
135 93 1010110011000
60 64 1010110011011
92 120 1010110011010
105 89 001100101100
53 75 1010110000101
123 100 001100101111
111 70 1010110000100
58 40 1010110000111
131 115 1010110000110
181 185 001100101110
191 58 1010110000001
96 111 1010110000000
160 163 1010110000011
160 151 001100101001
137 140 001100101000
143 187 1010110000010
209 204 1010110001101
167 163 1010110001100
148 131 1010110001111
102 70 1010110001110
43 64 001100101011
62 57 1010110001001
42 52 001100101010
49 92 1010110001000
133 140 1010110001011
155 151 1010110001010
135 129 1010110110101
141 160 1010110110100
85 77 1010110110111
77 64 001111010101
102 79 001111010100
82 101 001111010111
115 136 1010110110110
141 121 1010110110001
111 74 1010110110000
85 54 1010110110011
71 74 1010110110010
98 111 1010110111101
105 90 1010110111100
65 44 1010110111111
40 56 1010110111110
79 94 001111010110
105 75 1010110111001
80 104 1010110111000
88 46 001111010001
42 58 1010110111011
43 81 1010110111010
187 177 1010110100101
114 58 1010110100100
99 112 001111010000
126 134 000000111011
141 151 1010110100111
171 175 1010110100110
175 171 001111010011
162 153 1010110100001
131 121 1010110100000
142 183 1010110100011
207 206 000000111010
165 162 1010110100010
148 134 1010110101101
101 70 1010110101100
43 61 1010110101111
66 52 1010110101110
66 40 001111010010
54 102 1010110101001
136 143 1010110101000
147 141 1010110101011
152 173 1010110101010
81 74 1010001010101
75 62 1010001010100
56 96 1010001010111
178 177 000000100101
109 127 1010001010110
129 106 1010001010001
102 90 1010001010000
62 78 1010001010011
62 95 001111011101
83 121 1010001010010
81 66 1010001011101
43 43 1010001011100
58 77 1010001011111
80 50 1010001011110
113 50 1010001011001
36 44 1010001011000
123 185 1010001011011
194 142 1010001011010
44 64 000000100100
172 176 00011001100
133 122 1010001000101
139 177 1010001000100
149 137 1010001000111
135 128 1010001000110
100 68 001111011100
44 58 001111011111
75 45 1010001000001
75 35 1010001000000
54 46 001111011110
65 117 1010001000011
163 153 1010001000010
146 135 1010001001101
130 144 1010001001100
169 188 1010001001111
78 76 00101101010
73 61 1010001001110
55 95 001111011001
90 103 1010001001001
101 109 000000100111
111 93 1010001001000
104 104 1010001001011
106 81 1010001001010
81 58 1010001110101
81 126 1010001110100
85 58 1010001110111
43 50 1010001110110
53 44 1010001110001
45 58 1010001110000
97 110 1010001110011
119 75 1010001110010
42 27 1010001111101
69 113 1010001111100
160 191 1010001111111
175 83 1010001111110
36 71 1010001111001
137 146 1010001111000
169 173 000000100110
176 174 1010001111011
157 146 1010001111010
139 140 00100110101
132 122 1010001100101
134 169 1010001100100
200 214 001111011000
149 140 1010001100111
137 127 1010001100110
83 39 1010001100001
138 142 001111011011
90 33 1010001100000
57 45 1010001100011
78 131 1010001100010
143 151 1010001101101
164 152 1010001101100
140 129 001111011010
134 159 001111000101
184 197 1010001101111
75 69 1010001101110
71 59 1010001101001
53 93 1010001101000
140 158 1010001101011
89 80 1010001101010
96 115 001111000100
115 120 001111000111
117 94 1010000010101
86 111 1010000010100
75 99 1010000010111
54 73 001111000110
67 122 1010000010110
109 74 1010000010001
52 75 1010000010000
106 112 001111000001
38 35 1010000010011
103 120 1010000010010
195 180 1010000011101
112 36 1010000011100
61 70 1010000011111
135 144 1010000011110
169 164 1010000011001
153 142 1010000011000
129 122 1010000011011
130 160 1010000011010
196 219 1010000000101
137 123 1010000000100
89 58 1010000000111
51 58 1010000000110
87 35 1010000000001
124 145 1010000000000
106 36 1010000000011
95 139 1010000000010
145 153 1010000001101
132 129 1010000001100
146 175 1010000001111
194 197 001111000000
202 202 1010000001110
77 74 1010000001001
75 68 001111000011
69 57 001111000010
50 90 001111001101
141 158 000000100001
160 140 000000100000
93 76 1010000001000
87 113 1010000001011
113 76 1010000001010
79 68 1010000110101
86 65 1010000110100
54 56 000000100011
59 95 1010000110111
66 81 1010000110110
110 149 1010000110001
70 111 1010000110000
22 54 1010000110011
127 146 1010000110010
196 148 1010000111101
45 27 1010000111100
78 68 1010000111111
134 142 1010000111110
150 154 000000100010
150 139 1010000111001
129 123 1010000111000
127 153 1010000111011
192 222 1010000111010
161 155 1010000100101
134 116 1010000100100
81 50 1010000100111
85 32 1010000100110
106 151 1010000100001
120 43 1010000100000
114 144 1010000100011
154 150 1010000100010
143 136 001111001100
130 139 1010000101101
162 187 1010000101100
196 193 1010000101111
76 68 1010000101110
68 55 001111001111
48 88 001111001110
85 109 1010000101001
101 61 1010000101000
107 106 000000101101
78 88 1010000101011
83 100 1010000101010
118 110 1010011010101
74 60 1010011010100
47 40 1010011010111
61 94 1010011010110
87 112 1010011010001
95 121 1010011010000
35 70 1010011010011
122 167 1010011010010
170 84 1010011011101
26 43 1010011011100
82 74 1010011011111
101 113 001111001001
134 141 1010011011110
145 134 001111001000
127 147 1010011011001
188 223 1010011011000
163 155 1010011011011
53 62 1010011011010
80 29 1010011000101
86 155 1010011000100
130 50 1010011000111
38 72 001111001011
132 145 1010011000110
148 151 001111001010
142 134 1010011000001
135 154 1010011000000
80 77 001111110101
77 68 1010011000011
90 81 1010011000010
97 117 1010011001101
104 75 1010011001100
82 92 1010011001111
100 78 1010011001110
71 62 1010011001001
118 87 1010011001000
66 93 1010011001011
94 127 1010011001010
91 71 1010011110101
21 39 1010011110100
109 130 1010011110111
105 171 1010011110110
146 24 1010011110001
43 58 001111110100
85 85 1010011110000
134 140 1010011110011
134 131 1010011110010
185 223 1010011111101
127 105 1010011111100
68 38 1010011111111
53 63 000000101100
75 27 1010011111110
74 158 1010011111001
134 54 1010011111000
33 82 1010011111011
151 163 000000101111
147 147 00100110100
140 133 1010011111010
141 166 1010011100101
188 193 001111110111
83 82 001111110110
67 51 1010011100100
62 96 1010011100111
144 160 1010011100110
162 141 001111110001
103 90 1010011100001
82 71 001111110000
64 75 001111110011
96 69 1010011100000
104 79 001111110010
147 82 1010011100011
57 24 1010011100010
34 101 1010011101101
73 22 1010011101100
34 57 1010011101111
153 179 1010011101110
195 128 1010011101001
63 37 1010011101000
33 41 1010011101011
102 113 1010011101010
133 139 1010010010101
159 155 1010010010100
141 127 1010010010111
122 114 001111111101
123 142 1010010010110
172 202 1010010010001
120 77 1010010010000
40 50 001111111100
55 74 1010010010011
72 39 1010010010010
49 154 1010010011101
49 111 1010010011100
152 157 1010010011111
153 148 1010010011110
151 181 1010010011001
199 195 1010010011000
205 206 001111111111
76 75 1010010011011
69 104 1010010011010
101 85 1010010000101
94 93 1010010000100
81 69 001111111110
79 96 1010010000111
54 96 1010010000110
79 82 001111111001
89 82 001111111000
149 80 1010010000001
64 78 1010010000000
37 35 1010010000011
90 75 1010010000010
70 49 1010010001101
135 184 1010010001100
138 90 001111111011
50 40 001111111010
101 79 1010010001111
103 114 1010010001110
131 137 000000101110
147 136 1010010001001
115 110 1010010001000
103 124 1010010001011
154 174 1010010001010
140 124 1010010110101
105 66 1010010110100
75 44 1010010110111
48 145 1010010110110
136 76 1010010110001
59 116 1010010110000
151 156 001111100101
152 148 1010010110011
195 198 001111100100
201 199 1010010110010
78 77 1010010111101
74 74 1010010111100
70 61 1010010111111
78 115 1010010111110
164 145 001111100111
90 91 000000101001
107 117 1010010111001
78 67 1010010111000
68 78 1010010111011
69 80 1010010111010
86 72 1010010100101
113 92 001111100110
85 43 1010010100100
56 122 1010010100111
43 40 001111100001
96 66 1010010100110
84 113 1010010100001
76 52 001111100000
42 50 000000101000
52 52 00100110111
106 115 1010010100000
129 135 001111100011
152 146 1010010100011
125 128 1010010100010
125 145 1010010101101
83 51 1010010101100
53 70 1010010101111
78 49 001111100010
47 131 1010010101110
137 84 1010010101001
77 125 1010010101000
151 148 000000101011
145 143 001111101101
163 190 1010010101011
77 76 1010010101010
72 74 1011101010101
71 65 001111101100
84 123 001111101111
170 170 1011101010100
173 177 000000101010
165 147 1011101010111
99 71 1011101010110
109 122 1011101010001
78 72 1011101010000
77 61 1011101010011
85 117 1011101010010
128 55 1011101011101
60 124 1011101011100
58 47 1011101011111
67 99 1011101011110
113 166 1011101011001
123 108 1011101011000
147 140 1011101011011
49 40 1011101011010
57 51 1011101000101
154 140 1011101000100
155 169 1011101000111
163 179 1011101000110
197 184 1011101000001
138 108 1011101000000
63 40 1011101000011
60 67 001111101110
46 115 1011101000010
137 87 1011101001101
97 134 1011101001100
169 194 1011101001111
208 208 00011001111
208 207 1011101001110
75 74 1011101001001
71 72 000010010101
85 125 1011101001000
166 148 000010010100
72 69 1011101001011
55 88 1011101001010
81 97 1011101110101
89 126 1011101110100
135 85 1011101110111
94 91 001111101001
61 49 001111101000
70 142 1011101110110
151 161 1011101110001
129 66 1011101110000
108 118 1011101110011
137 144 1011101110010
148 139 1011101111101
164 186 1011101111100
182 191 1011101111111
196 173 001111101011
146 141 1011101111110
128 92 1011101111001
49 37 1011101111000
50 61 1011101111011
70 64 1011101111010
71 53 1011101100101
45 99 1011101100100
115 142 1011101100111
129 142 1011101100110
173 196 1011101100001
71 71 1011101100000
68 70 000010010111
151 164 1011101100011
102 67 1011101100010
114 127 1011101101101
99 76 1011101101100
72 59 1011101101111
63 89 001111101010
71 77 1011101101110
78 103 1011101101001
118 52 1011101101000
70 98 1011101101011
96 162 1011101101010
184 130 1011100010101
85 52 1011100010100
55 62 1011100010111
50 44 1011100010110
104 115 1011100010001
124 128 1011100010000
130 136 1011100010011
139 143 001110010101
147 144 1011100010010
175 196 1011100011101
196 197 1011100011100
192 171 1011100011111
111 71 1011100011110
53 66 1011100011001
69 55 1011100011000
43 84 1011100011011
141 99 1011100011010
129 146 1011100000101
177 198 1011100000100
199 202 1011100000111
208 205 1011100000110
65 65 1011100000001
64 67 1011100000000
67 62 001110010100
82 121 1011100000011
166 147 000010010110
102 66 001110010111
62 70 001110010110
97 59 1011100000010
79 89 1011100001101
66 84 1011100001100
103 129 1011100001111
105 60 1011100001110
105 159 1011100001001
144 173 1011100001000
163 111 1011100001011
50 66 1011100001010
48 44 1011100110101
54 63 1011100110100
54 47 1011100110111
106 97 1011100110110
98 109 001110010001
130 135 001110010000
133 128 1011100110001
139 136 000010010001
148 152 1011100110000
163 174 1011100110011
178 174 1011100110010
164 153 1011100111101
92 50 1011100111100
54 68 1011100111111
80 61 000010010000
71 60 1011100111110
42 72 1011100111001
147 114 1011100111000
137 148 1011100111011
140 139 00011001110
131 147 1011100111010
179 201 1011100100101
211 206 001110010011
210 209 001110010010
60 61 00100110110
61 66 1011100100100
66 61 1011100100111
81 120 1011100100110
166 146 001110011101
112 123 1011100100001
58 69 1011100100000
88 61 1011100100011
64 56 1011100100010
63 114 1011100101101
80 95 001110011100
83 87 1011100101100
81 102 1011100101111
84 105 1011100101110
141 176 1011100101001
204 190 1011100101000
149 59 1011100101011
35 52 1011100101010
45 42 1011111010101
55 68 1011111010100
60 51 001110011111
93 105 000010010011
137 136 00011001001
141 134 001110011110
122 115 1011111010111
118 128 1011111010110
80 36 1011111010001
43 53 1011111010000
53 68 001110011001
74 63 1011111010011
40 65 1011111010010
152 126 1011111011101
141 149 1011111011100
157 152 1011111011111
145 147 001110011000
181 203 1011111011110
206 210 00100110001
213 206 1011111011001
211 210 000010010010
59 59 1011111011000
57 65 1011111011011
94 122 1011111011010
148 163 1011111000101
87 97 1011111000100
133 107 1011111000111
62 69 1011111000110
84 62 1011111000001
59 125 1011111000000
106 80 001110011011
70 121 1011111000011
137 185 1011111000010
186 119 1011111001101
120 131 1011111001100
74 40 1011111001111
57 55 001110011010
70 57 1011111001110
77 89 1011111001001
134 124 1011111001000
142 130 1011111001011
120 133 1011111001010
136 88 1011111110101
63 61 1011111110100
126 161 1011111110111
197 211 1011111110110
208 210 00100110000
213 214 001110000101
211 209 000010011101
55 56 001110000100
57 67 1011111110001
93 119 1011111110000
149 164 1011111110011
175 174 001110000111
177 179 001110000110
167 149 001110000001
110 100 1011111110010
86 108 1011111111101
71 97 1011111111100
52 54 1011111111111
82 67 1011111111110
72 131 1011111111001
95 90 1011111111000
119 85 1011111111011
74 93 001110000000
121 156 1011111111010
137 137 110111001
128 94 1011111100101
55 47 1011111100100
57 56 000010011100
74 84 1011111100111
76 92 1011111100110
167 158 1011111100001
113 73 1011111100000
43 45 001110000011
53 50 000010011111
50 57 1011111100011
125 161 1011111100010
199 213 1011111101101
211 212 1011111101100
212 212 001110000010
210 208 1011111101111
58 56 1011111101110
59 71 1011111101001
95 115 1011111101000
148 164 1011111101011
168 150 001110001101
120 81 1011111101010
73 112 1011110010101
51 57 001110001100
88 138 1011110010100
95 91 001110001111
82 85 1011110010111
112 130 1011110010110
119 127 001110001110
124 186 1011110010001
118 60 1011110010000
57 58 1011110010011
66 57 1011110010010
68 76 1011110011101
67 83 1011110011100
115 116 1011110011111
122 129 001110001001
133 127 1011110011110
144 129 1011110011001
81 53 1011110011000
51 56 001110001000
82 79 1011110011011
145 142 1011110011010
123 163 1011110000101
202 215 001110001011
207 204 001110001010
56 54 1011110000100
60 77 1011110000111
97 77 1011110000110
88 113 1011110000001
69 95 1011110000000
47 59 1011110000011
68 69 1011110000010
97 140 1011110001101
99 107 001110110101
98 118 1011110001100
128 193 1011110001111
165 138 1011110001110
61 59 1011110001001
56 60 1011110001000
63 57 001110110100
62 67 001110110111
62 75 1011110001011
111 116 1011110001010
135 100 1011110110101
57 41 1011110110100
36 49 1011110110111
58 53 001110110110
69 67 1011110110110
53 56 00100110011
121 165 1011110110001
207 218 1011110110000
212 211 00011001000
209 205 1011110110011
61 82 1011110110010
143 160 1011110111101
95 109 1011110111100
78 65 1011110111111
74 69 1011110111110
57 61 001110110001
99 123 1011110111001
102 99 1011110111000
85 114 1011110111011
127 192 1011110111010
158 89 1011110100101
56 49 001110110000
54 60 000010011110
63 70 1011110100100
81 93 1011110100111
122 126 001110110011
130 134 1011110100110
150 143 1011110100001
124 75 1011110100000
43 55 001110110010
71 69 1011110100011
55 58 000010011001
143 139 001110111101
122 169 1011110100010
212 220 1011110101101
213 212 000010011000
47 48 1011110101100
61 85 1011110101111
107 119 001110111100
141 159 001110111111
165 146 001110111110
99 73 001110111001
97 106 1011110101110
68 74 1011110101001
90 55 1011110101000
44 68 1011110101011
49 56 001110111000
100 123 1011110101010
88 122 1011001010101
120 105 1011001010100
88 95 001110111011
107 189 1011001010111
101 51 1011001010110
45 49 1011001010001
62 65 1011001010000
71 79 1011001010011
113 121 001110111010
169 162 1011001010010
98 52 001110100101
49 47 1011001011101
52 60 1011001011100
58 50 1011001011111
74 72 1011001011110
58 60 1011001011001
142 138 001110100100
124 174 1011001011000
216 221 1011001011011
214 213 1011001011010
60 84 1011001000101
108 119 1011001000100
100 63 1011001000111
90 100 001110100111
51 76 1011001000110
68 100 1011001000001
132 109 1011001000000
90 129 1011001000011
48 61 1011001000010
54 58 000010011011
58 62 000010011010
65 64 1011001001101
66 78 001110100110
97 113 1011001001100
157 162 001110100001
157 127 1011001001111
81 52 1011001001110
127 178 1011001001001
220 221 1011001001000
215 214 1011001001011
212 209 000010000101
190 180 1011001001010
47 51 001110100000
50 48 001110100011
59 83 1011001110101
142 160 1011001110100
167 148 1011001110111
99 52 1011001110110
47 65 1011001110001
96 50 1011001110000
58 83 1011001110011
111 108 001110100010
51 78 1011001110010
79 83 1011001111101
56 45 1011001111100
44 56 001110101101
46 62 1011001111111
62 55 00011001011
84 106 1011001111110
116 123 001110101100
132 139 001110101111
162 170 1011001111001
164 159 1011001111000
152 112 1011001111011
66 54 1011001111010
55 49 001110101110
56 69 1011001100101
77 75 001110101001
61 62 001110101000
129 180 1011001100100
222 221 1011001100111
207 209 1011001100110
215 215 1011001100001
211 208 1011001100000
199 185 1011001100011
162 144 1011001100010
52 76 1011001101101
141 161 1011001101100
165 143 1011001101111
93 60 1011001101110
119 88 1011001101001
75 50 1011001101000
79 128 1011001101011
77 70 1011001101010
83 115 1011000010101
132 151 001110101011
125 133 1011000010100
61 31 1011000010111
50 80 1011000010110
32 61 1011000010001
64 55 00011001010
60 58 001110101010
68 73 1011000010000
145 113 1011000010011
68 34 1011000010010
66 58 1011000011101
46 51 110001010101
63 65 1011000011100
77 86 1011000011111
69 69 1011000011110
130 115 1011000011001
136 191 1011000011000
220 207 1011000011011
204 202 1011000011010
204 194 1011000000101
45 39 1011000000100
46 68 1011000000111
94 109 1011000000110
140 160 1011000000001
170 174 00100110010
105 139 1011000000000
113 87 1011000000011
54 59 1011000000010
73 136 1011000001101
62 110 1011000001100
121 136 1011000001111
55 66 1011000001110
52 48 110001010100
55 53 110001010111
56 50 110001010110
59 73 1011000001001
140 144 1011000001000
163 140 1011000001011
41 54 1011000001010
64 45 1011000110101
42 76 1011000110100
94 83 1011000110111
77 85 110001010001
70 71 110001010000
160 153 110001010011
128 116 1011000110110
154 202 1011000110001
220 213 1011000110000
201 204 1011000110011
216 202 1011000110010
199 196 1011000111101
167 116 1011000111100
73 55 1011000111111
64 61 1011000111110
51 40 1011000111001
135 157 1011000111000
169 175 1011000111011
143 102 1011000111010
83 90 1011000100101
61 53 1011000100100
69 42 1011000100111
71 113 1011000100110
126 103 1011000100001
67 117 1011000100000
102 96 110001010010
155 105 1011000100011
70 68 1011000100010
65 60 110001011101
56 73 1011000101101
93 112 1011000101100
154 171 1011000101111
182 172 1011000101110
126 81 1011000101001
36 47 1011000101000
68 62 1011000101011
98 85 1011000101010
112 112 1011011010101
114 113 1011011010100
118 127 1011011010111
122 113 1011011010110
169 208 1011011010001
217 207 1011011010000
216 199 1011011010011
203 175 1011011010010
119 58 1011011011101
31 43 1011011011100
65 75 110001011100
71 54 110001011111
68 81 1011011011111
129 152 1011011011110
171 180 1011011011001
173 156 1011011011000
118 90 1011011011011
43 24 1011011011010
80 52 1011011000101
98 68 110001011110
73 68 1011011000100
97 122 1011011000111
116 101 110001011001
168 91 1011011000110
90 43 1011011000001
61 68 1011011000000
44 66 1011011000011
54 65 1011011000010
92 114 1011011001101
124 129 110001011000
144 147 110001011011
153 170 1011011001100
188 200 1011011001111
202 200 1011011001110
132 72 1011011001001
53 41 1011011001000
46 84 1011011001011
76 84 1011011001010
158 148 1011011110101
127 123 1011011110100
119 114 110001011010
103 108 1011011110111
108 106 1011011110110
109 115 1011011110001
169 203 1011011110000
208 203 1011011110011
203 211 1011011110010
217 193 1011011111101
179 126 1011011111100
72 52 110001000101
57 68 1011011111111
82 94 1011011111110
100 81 110001000100
126 150 1011011111001
171 179 1011011111000
172 156 1011011111011
93 104 1011011111010
138 58 1011011100101
35 54 1011011100100
55 107 1011011100111
38 45 1011011100110
108 81 1011011100001
96 114 1011011100000
112 103 1011011100011
92 88 1011011100010
140 91 1011011101101
90 72 1011011101100
33 76 1011011101111
88 111 1011011101110
220 196 1011011101001
204 183 1011011101000
98 45 1011011101011
54 64 110001000111
99 83 1011011101010
70 70 1011010010101
154 142 1011010010100
166 197 1011010010111
209 214 110001000110
206 168 1011010010110
107 75 1011010010001
52 61 1011010010000
80 87 1011010010011
84 83 1011010010010
127 113 1011010011101
91 69 110001000001
126 151 1011010011100
168 173 1011010011111
164 147 1011010011110
112 54 1011010011001
36 29 1011010011000
104 77 110001000000
68 71 000010000100
101 78 1011010011011
75 83 1011010011010
129 133 1011010000101
75 113 1011010000100
54 66 1011010000111
40 76 1011010000110
53 51 000010000111
63 73 1011010000001
89 114 1011010000000
116 122 1011010000011
142 149 1011010000010
160 171 1011010001101
181 189 1011010001100
186 211 1011010001111
203 144 1011010001110
66 36 1011010001001
91 75 1011010001000
69 70 1011010001011
151 136 110001000011
120 113 1011010001010
102 83 1011010110101
173 201 1011010110100
204 207 00100111101
211 204 1011010110111
176 122 1011010110110
55 65 1011010110001
83 94 1011010110000
89 75 1011010110011
132 137 1011010110010
117 86 1011010111101
62 54 1011010111100
126 152 1011010111111
161 143 1011010111110
199 93 1011010111001
31 47 1011010111000
56 63 110001000010
60 81 1011010111011
65 72 1011010111010
80 65 1011010100101
75 80 1011010100100
93 90 1011010100111
94 103 110001001101
56 53 1011010100110
66 82 1011010100001
90 115 1011010100000
116 124 1011010100011
138 139 00100111100
181 184 1011010100010
185 191 1011010101101
217 219 1011010101100
158 63 1011010101111
150 133 1011010101110
114 109 1011010101001
115 98 1011010101000
186 210 1011010101011
209 189 1011010101010
142 73 1000101010101
65 81 1000101010100
91 90 1000101010111
91 98 1000101010110
148 153 1000101010001
134 98 1000101010000
69 56 1000101010011
124 152 1000101010010
197 149 1000101011101
34 36 1000101011100
60 52 110001001100
69 72 1000101011111
49 66 110001001111
50 72 1000101011110
48 90 1000101011001
65 61 110001001110
79 72 1000101011000
92 105 1000101011011
128 74 1000101011010
160 86 1000101000101
130 58 1000101000100
61 76 1000101000111
57 54 110001001001
55 60 1000101000110
68 53 1000101000001
87 110 1000101000000
193 203 1000101000011
207 210 110001001000
196 181 1000101000010
70 56 1000101001101
51 71 1000101001100
151 133 1000101001111
121 117 1000101001110
125 134 1000101001001
128 115 1000101001000
196 217 1000101001011
213 211 110001001011
206 178 1000101001010
120 44 1000101110101
86 99 1000101110100
104 96 1000101110111
91 94 1000101110110
138 158 1000101110001
165 128 1000101110000
119 153 110001001010
140 80 1000101110011
40 42 1000101110010
59 62 1000101111101
101 49 1000101111100
66 45 1000101111111
92 66 1000101111110
79 97 1000101111001
136 86 1000101111000
69 138 1000101111011
152 58 1000101111010
26 80 1000101100101
60 49 1000101100100
45 53 1000101100111
59 56 110001110101
73 104 1000101100110
100 46 1000101100001
79 114 1000101100000
151 155 1000101100011
167 172 000010000110
176 180 1000101100010
213 216 110001110100
134 41 1000101101101
58 36 1000101101100
53 104 1000101101111
134 133 000010000001
208 211 1000101101110
199 140 1000101101001
86 76 1000101101000
99 108 1000101101011
105 94 1000101101010
92 99 1000100010101
44 79 1000100010100
129 159 1000100010111
170 135 1000100010110
167 147 1000100010001
145 85 1000100010000
107 48 1000100010011
59 44 1000100010010
92 72 1000100011101
73 87 110001110111
131 123 110001110110
68 98 1000100011100
130 49 1000100011111
60 56 1000100011110
77 106 1000100011001
101 47 1000100011000
80 115 1000100011011
124 131 1000100011010
196 202 1000100000101
206 209 1000100000100
180 86 1000100000111
54 124 1000100000110
140 138 00100111111
151 170 1000100000001
213 209 1000100000000
182 128 1000100000011
90 96 1000100000010
26 61 1000100001101
120 159 1000100001100
175 142 1000100001111
120 154 110001110001
168 148 110001110000
140 83 1000100001110
114 48 1000100001001
71 35 1000100001000
60 73 1000100001011
72 62 1000100001010
71 98 1000100110101
97 71 1000100110100
84 132 1000100110111
47 75 1000100110110
143 43 1000100110001
31 72 1000100110000
57 49 1000100110011
59 53 1000100110010
84 109 110001110011
102 48 1000100111101
82 116 1000100111100
125 131 1000100111111
195 201 1000100111110
221 141 1000100111001
42 35 1000100111000
48 138 1000100111011
134 147 1000100111010
139 159 1000100100101
176 193 1000100100100
217 203 1000100100111
156 109 1000100100110
107 99 1000100100001
91 91 1000100100000
98 103 1000100100011
22 51 1000100100010
112 158 1000100101101
174 143 1000100101100
73 37 1000100101111
174 179 00100111110
169 150 000010000000
139 84 1000100101110
47 66 1000100101001
115 51 1000100101000
51 69 1000100101011
64 101 1000100101010
107 71 1000111010101
81 144 1000111010100
45 62 1000111010111
156 69 1000111010110
37 85 1000111010001
60 53 1000111010000
93 114 1000111010011
104 51 1000111010010
85 118 1000111011101
183 188 110001110010
194 200 1000111011100
211 214 1000111011111
231 186 1000111011110
69 25 1000111011001
41 138 1000111011000
159 186 1000111011011
217 212 1000111011010
216 191 1000111000101
129 92 1000111000100
92 94 1000111000111
103 109 1000111000110
89 96 1000111000001
25 44 1000111000000
105 153 1000111000011
170 144 1000111000010
76 33 1000111001101
119 154 1000111001100
170 150 1000111001111
142 88 1000111001110
54 84 1000111001001
109 54 1000111001000
63 94 1000111001011
82 137 1000111001010
142 104 1000111110101
49 81 1000111110100
63 54 1000111110111
106 53 1000111110110
89 120 110001111101
193 199 1000111110001
221 218 1000111110000
128 25 1000111110011
42 129 1000111110010
158 145 1000111111101
124 143 1000111111100
183 209 1000111111111
210 207 1000111111110
219 211 1000111111001
207 172 1000111111000
111 84 1000111111011
102 91 1000111111010
104 97 1000111100101
27 37 1000111100100
97 149 1000111100111
85 36 1000111100110
132 80 1000111100001
60 83 1000111100000
98 54 1000111100011
41 64 1000111100010
43 39 1000111101101
63 79 1000111101100
135 97 1000111101111
31 58 1000111101110
68 58 1000111101001
67 84 1000111101000
112 124 1000111101011
107 56 1000111101010
92 122 1000110010101
127 135 1000110010100
208 228 1000110010111
180 35 1000110010110
45 118 1000110010001
157 138 1000110010000
142 140 1000110010011
201 219 1000110010010
219 210 1000110011101
190 149 1000110011100
103 86 110001111100
96 103 1000110011111
114 106 1000110011110
99 105 1000110011001
101 92 1000110011000
28 32 1000110011011
92 147 1000110011010
169 156 1000110000101
94 40 1000110000100
117 151 1000110000111
176 175 1000110000110
169 149 1000110000001
122 71 1000110000000
61 63 1000110000011
89 51 110001111111
44 55 1000110000010
66 62 1000110001101
63 90 1000110001100
123 134 1000110001111
135 106 1000110001110
113 150 1000110001001
107 80 1000110001000
82 69 1000110001011
77 100 1000110001010
109 57 1000110110101
94 123 1000110110100
180 185 110001111110
191 197 1000110110111
205 222 1000110110110
205 55 1000110110001
53 124 1000110110000
127 122 1000110110011
128 165 1000110110010
207 214 1000110111101
218 208 1000110111100
171 127 1000110111111
109 99 1000110111110
94 89 1000110111001
30 30 1000110111000
91 148 1000110111011
170 159 1000110111010
97 40 1000110100101
116 150 1000110100100
172 177 1000110100111
168 149 110001111001
127 76 1000110100110
44 47 000010000011
60 42 1000110100001
47 63 1000110100000
73 54 1000110100011
46 91 1000110100010
127 83 1000110101101
47 91 1000110101100
120 104 1000110101111
97 80 1000110101110
62 52 1000110101001
80 106 1000110101000
109 58 1000110101011
96 124 1000110101010
157 161 110001111000
166 170 1000001010101
180 184 1000001010100
191 196 1000001010111
213 218 1000001010110
214 77 1000001010001
66 142 1000001010000
154 145 1000001010011
130 168 1000001010010
216 206 1000001011101
160 115 1000001011100
105 102 1000001011111
103 94 1000001011110
102 94 1000001011001
88 89 1000001011000
32 33 1000001011011
64 141 1000001011010
180 156 1000001000101
104 41 1000001000100
109 147 1000001000111
43 44 1000001000110
36 48 1000001000001
45 54 1000001000000
60 57 1000001000011
83 60 1000001000010
75 91 1000001001101
95 117 1000001001100
83 86 1000001001111
57 46 110001111011
64 53 1000001001110
51 68 1000001001001
98 81 1000001001000
107 133 1000001001011
154 158 110001111010
198 202 110001100101
206 208 1000001001010
219 172 1000001110101
95 136 1000001110100
127 119 1000001110111
131 165 1000001110110
194 203 1000001110001
211 175 1000001110000
135 112 1000001110011
98 95 1000001110010
93 94 000010000010
33 32 1000001111101
59 132 1000001111100
174 158 1000001111111
112 52 1000001111110
108 146 1000001111001
139 66 1000001111000
44 46 1000001111011
56 56 110001100100
56 87 1000001111010
99 130 1000001100101
107 92 1000001100100
81 44 1000001100111
127 110 1000001100110
111 135 1000001100001
160 162 1000001100000
197 201 1000001100011
212 213 1000001100010
212 192 1000001101101
115 137 1000001101100
135 153 1000001101111
208 170 110001100111
129 109 1000001101110
101 96 1000001101001
92 93 1000001101000
84 94 1000001101011
55 123 1000001101010
122 62 1000000010101
106 145 1000000010100
141 71 1000000010111
50 65 1000000010110
61 60 1000000010001
61 80 1000000010000
83 103 1000000010011
82 75 1000000010010
132 92 1000000011101
73 91 1000000011100
119 137 1000000011111
170 175 110001100110
182 189 1000000011110
142 166 1000000011001
198 219 1000000011000
201 160 1000000011011
118 100 1000000011010
39 36 1000000000101
54 120 1000000000100
127 64 1000000000111
104 143 1000000000110
173 175 1000000000001
170 151 1000000000000
135 79 1000000000011
54 45 1000000000010
65 84 1000000001101
101 63 1000000001100
72 51 1000000001111
84 67 1000000001110
99 117 1000000001001
37 46 1000000001000
73 98 1000000001011
125 80 1000000001010
75 109 1000000110101
140 134 1000000110100
210 217 1000000110111
169 96 1000000110110
90 85 1000000110001
98 105 110001100001
115 125 1000000110000
146 155 1000000110011
147 126 1000000110010
129 166 1000000111101
203 219 1000000111100
188 145 1000000111111
92 91 1000000111110
84 78 1000000111001
84 77 110001100000
32 32 1000000111000
52 116 1000000111011
131 63 1000000111010
102 141 1000000100101
171 152 1000000100100
120 85 1000000100111
68 50 1000000100110
43 49 1000000100001
61 56 110001100011
57 91 1000000100000
127 92 1000000100011
80 37 1000000100010
91 59 1000000101101
74 89 1000000101100
53 65 1000000101111
99 72 1000000101110
85 123 1000000101001
176 183 1000000101000
189 195 1000000101011
192 82 1000000101010
87 92 1000011010101
115 121 1000011010100
135 156 1000011010111
152 128 1000011010110
138 186 1000011010001
215 213 1000011010000
164 124 1000011010011
86 77 1000011010010
84 87 1000011011101
97 92 1000011011100
99 93 1000011011111
33 34 1000011011110
51 113 1000011011001
168 177 1000011011000
139 67 1000011011011
100 139 1000011011010
174 180 11001110011
172 153 1000011000101
69 47 110001100010
41 89 1000011000100
112 126 1000011000111
100 76 1000011000110
98 57 1000011000001
62 49 110001101101
52 41 1000011000000
33 43 1000011000011
59 79 1000011000010
68 72 1000011001101
99 129 1000011001100
135 132 1000011001111
135 140 1000011001110
163 167 1000011001001
186 192 1000011001000
222 207 1000011001011
207 101 1000011001010
82 88 1000011110101
76 72 1000011110100
76 80 1000011110111
104 148 1000011110110
163 144 1000011110001
158 206 1000011110000
221 198 1000011110011
129 99 1000011110010
72 70 1000011111101
80 86 1000011111100
88 90 1000011111111
72 58 1000011111110
60 114 1000011111001
168 183 1000011111000
148 76 1000011111011
99 138 1000011111010
172 154 1000011100101
93 78 1000011100100
64 42 1000011100111
44 53 1000011100110
77 119 1000011100001
113 120 1000011100000
52 37 1000011100011
53 43 1000011100010
37 47 1000011101101
64 89 1000011101100
54 88 1000011101111
118 132 1000011101110
146 150 1000011101001
171 178 1000011101000
204 208 1000011101011
217 210 1000011101010
211 140 1000010010101
87 102 1000010010100
96 93 1000010010111
68 142 1000010010110
184 168 1000010010001
172 209 1000010010000
210 173 1000010010011
64 70 1000010010010
81 87 1000010011101
88 85 1000010011100
66 55 1000010011111
79 71 1000010011110
72 118 1000010011001
169 187 1000010011000
155 83 1000010011011
98 137 1000010011010
173 155 1000010000101
65 43 1000010000100
52 63 1000010000111
59 30 1000010000110
55 85 1000010000001
113 136 1000010000000
45 40 1000010000011
68 95 1000010000010
95 65 1000010001101
57 107 1000010001100
137 135 1000010001111
203 212 1000010001110
209 215 1000010001001
72 57 1000010001000
46 40 1000010001011
47 142 1000010001010
202 186 1000010110101
177 202 1000010110100
71 61 1000010110111
60 71 1000010110110
83 88 110001101100
81 84 1000010110001
98 80 1000010110000
79 91 1000010110011
172 183 1000010110010
155 106 1000010111101
101 139 110001101111
172 152 1000010111100
110 82 1000010111111
53 42 1000010111110
68 45 1000010111001
70 44 1000010111000
42 62 1000010111011
60 78 1000010111010
65 102 1000010100101
112 78 1000010100100
44 40 1000010100111
37 39 1000010100110
54 67 1000010100001
92 112 1000010100000
111 88 1000010100011
63 50 1000010100010
164 170 1000010101101
176 182 1000010101100
197 212 1000010101111
210 215 1000010101110
210 205 1000010101001
81 95 110001101110
106 106 1000010101000
87 75 1000010101011
63 134 1000010101010
197 209 1001101010101
124 72 1001101010100
66 74 1001101010111
93 74 1001101010110
70 88 1001101010001
95 77 1001101010000
66 63 1001101010011
72 90 1001101010010
173 182 1001101011101
157 113 1001101011100
169 174 110011100101
177 183 1001101011111
174 153 1001101011110
52 42 1001101011001
48 65 1001101011000
77 56 1001101011011
45 79 1001101011010
63 68 1001101000101
86 132 1001101000100
75 67 1001101000111
58 49 1001101000110
41 37 1001101000001
71 80 1001101000000
90 90 1001101000011
76 67 1001101000010
77 93 1001101001101
199 208 1001101001100
102 97 1001101001111
79 151 1001101001110
206 198 1001101001001
160 126 1001101001000
87 51 1001101001011
59 66 1001101001010
77 87 1001101110101
83 68 1001101110100
90 73 1001101110111
59 81 1001101110110
167 176 1001101110001
157 118 1001101110000
102 138 1001101110011
167 173 1001101110010
178 185 1001101111101
175 154 1001101111100
89 68 1001101111111
45 48 1001101111110
69 50 1001101111001
41 66 1001101111000
47 68 1001101111011
70 69 1001101111010
88 70 1001101100101
38 44 1001101100100
64 64 1001101100111
70 83 1001101100110
173 180 1001101100001
186 191 1001101100000
208 212 1001101100011
213 213 1001101100010
158 85 1001101101101
87 147 1001101101100
186 162 1001101101111
113 84 1001101101110
69 58 1001101101001
66 75 1001101101000
98 84 1001101101011
71 64 1001101101010
107 100 1001100010101
83 69 1001100010100
62 62 1001100010111
48 67 1001100010110
156 172 1001100010001
159 123 1001100010000
103 138 1001100010011
166 172 1001100010010
179 187 1001100011101
175 152 1001100011100
71 55 1001100011111
42 42 1001100011110
80 55 1001100011001
41 67 1001100011000
64 59 1001100011011
103 97 1001100011010
58 57 1001100000101
85 88 1001100000100
105 72 1001100000111
42 36 1001100000110
68 66 1001100000001
69 81 1001100000000
98 113 1001100000011
161 166 1001100000010
198 195 1001100001101
192 78 1001100001100
139 114 1001100001111
84 76 1001100001110
81 83 1001100001001
80 85 1001100001000
89 71 1001100001011
67 74 1001100001010
77 63 1001100110101
49 59 1001100110100
72 85 1001100110111
152 180 1001100110110
172 137 1001100110001
104 138 1001100110000
165 172 1001100110011
180 187 1001100110010
173 147 1001100111101
61 50 1001100111100
75 58 1001100111111
52 79 1001100111110
106 110 1001100111001
95 57 1001100111000
71 83 1001100111011
68 105 1001100111010
89 63 1001100100101
50 42 1001100100100
49 67 1001100100111
74 92 1001100100110
117 117 1001100100001
133 134 1001100100000
206 85 1001100100011
88 93 1001100100010
110 112 1001100101101
113 112 1001100101100
103 89 1001100101111
87 93 1001100101110
93 87 1001100101001
93 92 1001100101000
92 89 1001100101011
75 65 1001100101010
75 93 1001111010101
68 56 1001111010100
64 79 1001111010111
155 194 1001111010110
192 158 1001111010001
105 138 1001111010000
181 187 1001111010011
168 139 1001111010010
55 57 1001111011101
62 59 1001111011100
64 95 1001111011111
85 49 1001111011110
86 58 1001111011001
54 79 1001111011000
64 81 1001111011011
66 89 1001111011010
146 147 1001111000101
207 115 1001111000100
118 106 1001111000111
99 82 1001111000110
91 113 1001111000001
95 74 1001111000000
59 76 1001111000011
157 202 1001111000010
205 174 1001111001101
106 138 110011100100
165 173 1001111001100
163 131 1001111001111
61 54 1001111001110
57 60 1001111001001
62 61 1001111001000
103 88 1001111001011
113 71 1001111001010
72 79 1001111110101
58 82 1001111110100
86 62 1001111110111
100 82 1001111110110
56 40 1001111110001
86 97 1001111110000
113 111 1001111110011
122 132 1001111110010
187 193 1001111111101
204 160 1001111111100
83 89 1001111111111
114 122 1001111111110
124 114 1001111111001
97 86 1001111111000
87 89 1001111111011
84 75 1001111111010
109 124 1001111100101
78 58 1001111100100
155 202 1001111100111
208 180 1001111100110
165 174 1001111100001
160 125 1001111100000
62 66 1001111100011
70 65 1001111100010
65 98 1001111101101
105 80 1001111101100
96 79 1001111101111
64 97 1001111101110
44 51 1001111101001
56 86 1001111101000
95 72 1001111101011
58 74 1001111101010
109 121 1001110010101
129 125 1001110010100
207 213 1001110010111
203 194 1001110010110
108 114 1001110010001
120 127 1001110010000
104 87 1001110010011
63 45 1001110010010
11100110001
