160 11011000
159 1010101
157 0001001
156 0000011
155 0001000
154 111111
153 111011
158 1011000
165 00101001
171 00000011
173 00101000
144 0001110
123 0100011
95 1001010
93 1111100
103 0111011
106 00001111
105 00010110
104 1101010
102 0111010
108 00101011
112 00000010
116 1100110
120 1000100
122 0110111
128 0011011
129 111101
130 0010001
131 0011110
132 1000011
134 1011111
135 1000110
127 0100100
126 0001101
118 00101010
113 00010101
109 00100111
138 1000101
152 0001111
147 1010001
151 0000000
149 0001100
150 0101001
162 1110000
192 10011100
214 0011101011
217 0011101010
218 1000000110
115 1110011
114 1101111
121 1010111
119 1001001
124 0011010
110 10011101
174 00001100
170 01000001
172 1100011
164 01001010
143 0101100
92 01110000
133 00000101
184 001001101
206 10010111
216 1100111010
220 01011100001
177 01111101
169 01011101
163 0111100
94 00001101
111 1101101
146 0011111
194 10111010
212 000010011
222 11111011001
198 11000001
87 01010100
67 11111010
161 00001011
167 00010111
168 10110011
142 0110110
125 0011001
140 0010111
179 10001111
203 11000000
219 0101110001
185 10100101
117 1111001
84 1100101
54 1100010
34 1000000101
166 10000000
91 1101000
101 0111101
188 000010010
211 001001100
225 110011101100
107 00000100
77 10110101
52 1000010
40 001000011
38 110011100
141 0010110
145 0100010
148 0111001
199 01001111
223 11111011000
81 00100101
43 00111000
221 00001110000
176 01000000
75 10001110
42 11000011
48 0110010
100 1001101
139 0111111
182 000010101
190 000011101
215 0000111001
230 1000000100101
79 01011011
44 00001000
31 01011100000
51 0110101
50 1001111
90 01001110
88 10010110
99 0101000
136 0110100
183 010111001
207 11000010
229 1000000100100
96 0100110
73 11010011
49 0110001
89 00110001
98 0101011
181 000010100
70 10110010
45 1101011
47 1010000
86 01110001
137 0110000
227 110011101111
97 0110011
36 110010001
228 100000011100
69 10000011
39 101010001
53 0101111
46 1011100
85 01000011
180 10011001
64 01001011
41 11100011
175 01011010
76 11001111
200 11100010
189 001110100
186 11101011
226 1000000100111
244 10000001110101
68 01000010
29 100000010001
35 1010100001
55 1010011
78 10101100
83 00111011
197 10111101
196 11001001
238 10000001110100
37 111110111
32 1111101101
178 10000010
193 10111100
60 01010101
33 1010100000
27 100000010000
191 10010001
195 11100101
57 1111000
187 001000010
201 11100100
202 10100100
61 00100000
82 00100100
204 10110100
209 10111011
65 10110111
30 10000001111
71 10011000
80 00010100
210 01111100
56 1110100
205 11101010
58 1101110
232 10000001110111
74 10101101
63 10101001
72 10110110
66 10010000
62 00111001
208 11010010
25 000011100011
231 1000000100110
213 110010000
59 00110000
19 10000001110110
17 11001110110101
22 110011101110
26 0000111000101
21 11001110110100
24 0000111000100
28 1100111011011
11011001
