160 10111100
161 00011001
157 0100101
155 0000010
156 0001001
154 0011010
153 110101
166 00110011
170 00101110
172 1100100
167 10001001
146 0100110
123 0110000
93 1101110
91 00011110
98 1000001
107 00011000
106 00000000
104 1110010
110 00100110
114 00010100
118 1100011
122 1001000
124 0111101
125 0100010
128 0001110
130 0010101
131 0110010
133 1000000
132 1010010
134 1010100
135 1011001
129 0010001
127 0000101
119 1101001
143 0011100
148 1001100
152 111110
151 0101001
159 0110110
192 11100001
216 101000000
214 001111111
112 00001000
120 0110111
121 1001011
116 1110001
177 01010101
144 0010110
96 1000111
92 1110011
97 0101111
105 1100000
103 1011000
109 10010101
113 00000111
139 0011000
150 0010000
158 0101100
184 011101110
209 01011011
217 0111011110
220 00011010110
181 11010000
101 0100001
117 1110111
115 00000110
163 0111001
142 0011110
95 1101101
102 0101110
126 0001011
168 10100111
193 10101011
222 01001110010
201 11100000
84 00001110
61 11011001
141 0100100
94 00110010
89 10010100
108 1111111
111 00011011
140 0010010
175 1111110
207 10101010
218 1010000010
190 10101101
79 10100110
43 1110110
37 000110100
165 00010001
164 00001001
88 01101001
149 1000011
147 1000110
162 1101111
211 11001101
223 11101000010
213 011010100
71 10111001
46 1011011
45 1001111
100 1010001
145 0010100
219 00000011001
221 10100000111
200 11001100
74 00011111
42 01101000
49 0100011
191 000000011
176 00010101
137 1000101
38 010011101
41 11001011
52 0101011
203 11110001
65 10010011
36 0100111000
44 1110101
53 1000010
51 0011101
50 0101000
87 10011011
136 0111110
226 000000110001
70 000011010
47 1100010
48 0100000
90 00010000
86 10011010
185 11001111
224 000000110000
202 01011010
59 00111110
179 01110110
72 10111000
39 11110000
54 1011111
56 1111010
169 01100110
171 01010100
174 00110111
178 10101100
210 10111011
215 0001101010
66 01111111
55 1011010
85 00100111
182 000011111
180 10101111
183 11110011
196 10101110
225 10100000110
195 01110100
67 10111010
83 01101011
99 0111000
173 00101111
186 11101001
75 01111001
82 10001000
188 011010101
199 000000010
234 01110111110001
76 10011101
235 0111011111011
197 01111110
34 0000001101
81 11110010
194 000000101
198 11011000
138 0110001
27 0111011111010
187 001111110
60 00110110
77 000011110
189 000000111
205 10100001
40 11001010
58 00001100
68 01001111
208 11000010
204 11010001
206 01111000
78 000000100
33 1110100000
212 000011011
232 01110111110000
80 01100111
35 111010001
63 11001110
57 1111011
73 10011100
62 10010010
30 11101000011
231 01110111110011
31 0100111001100
64 01110101
24 01110111110010
32 00011010111
69 11000011
22 01110111111101
227 0100111001101
25 01110111111100
229 01110111111111
29 011101111110
26 01110111111110
28 010011100111
10111101
