158 158 1111011000
157 156 110011011
155 154 001010010
153 153 1100010001
156 157 0010100110
162 169 10011001001
171 161 011100010000
142 126 011100010011
92 94 0010010101
97 100 0001001110
102 103 000101010
104 104 0010010100
104 105 0010010111
108 112 0010010110
115 119 0010010001
122 123 11001111
128 128 00000111
130 130 0001100
132 132 0000100010
129 129 000110110
129 128 1100010000
127 126 111101111
126 126 110100100
127 127 110110100
128 126 00010011111
123 118 000000110001
113 110 10011001000
110 120 0111000100011
136 151 10011001011
152 148 000000110000
155 155 110011010
154 154 1101100
153 152 0010010000
152 152 00000100
152 153 011100010010
155 158 011100011101
167 184 0111000100010
204 218 0111000101101
219 162 0111000101100
112 106 011100011100
118 120 1101101010
119 123 011100011111
120 120 000111101
120 121 000111001
123 123 111101110
117 121 000000110011
122 115 0111000101111
111 123 0111000101110
149 173 0111000101001
157 158 00000011011
131 131 0000101001
126 127 10011001010
108 118 000000110010
134 149 011100011110
154 150 011100011001
156 155 1100010011
154 156 00000011010
164 180 0111000101000
200 215 0111000101011
220 176 0111000101010
128 108 0111011010101
111 116 0111011010100
120 122 000000111101
116 119 011100011000
121 120 000000111100
122 124 1101001011
157 157 110010010
156 156 1101110
159 159 000000111111
162 168 10011110101
170 160 011100011011
141 126 011100011010
123 119 0111011010111
114 111 011100000101
105 115 011100000100
130 145 0111011010110
156 154 011100000111
154 153 1100010010
158 173 0111011010001
193 207 0111011010000
221 196 0111011010011
154 116 0111011010010
104 112 10011110100
119 121 111101001
126 130 0111011011101
126 109 011100000110
84 65 0111011011100
161 160 0001001001
162 167 10011110111
168 159 0111011011111
124 125 000000111110
124 119 0111011011110
115 112 011100000001
103 112 10011110110
126 141 011100000000
152 157 0111011011001
158 156 011100000011
152 149 011100000010
153 165 0111011011000
183 196 011100001101
219 214 0111011011011
182 132 0111011011010
105 110 011100001100
119 117 00010011110
128 124 000000111001
110 84 0111011000101
54 34 0111011000100
163 162 0001001000
162 166 011100001111
167 158 0111011000111
140 126 000000111000
123 125 011100001110
124 120 0111011000110
116 113 011100001001
103 110 011100001000
123 136 0111011000001
148 155 10011110001
158 160 10011110000
157 155 000000111011
149 158 011100001011
171 182 0111011000000
211 221 011100001010
204 157 0111011000011
120 114 0111011000010
117 115 000000111010
135 132 011100110101
122 103 0111011001101
79 57 0111011001100
42 36 0111011001111
166 163 0111011001110
162 165 000000100101
165 157 0111011001001
125 126 00000000101
124 121 1100011101
117 114 000000100100
105 111 000000100111
121 133 0111011001000
144 152 0111011001011
157 160 000000100110
159 158 110100111
158 157 000000100001
153 149 011100110100
148 151 000000100000
159 166 0111011001010
199 215 0111011110101
216 187 0111011110100
147 122 0111011110111
114 113 011100110111
132 122 0111011110110
102 76 0111011110001
52 41 0111011110000
43 48 10011110011
154 155 00010011001
167 164 0111011110011
163 164 000000100011
164 156 0111011110010
125 125 00010011000
107 111 0111011111101
120 130 011100110110
140 149 0111011111100
156 159 000000100010
151 153 00000000100
154 151 011100110001
148 147 1100011100
150 153 000000101101
187 204 0111011111111
221 214 0111011111110
176 131 0111011111001
110 111 0111011111000
119 100 0111011111011
74 52 011100110000
42 42 0111011111010
47 50 00010011011
168 165 011100110011
164 155 011100110010
139 126 0111011100101
121 123 00000000111
118 115 011100111101
119 129 0111011100100
138 147 011100111100
154 158 10011110010
160 159 0111011100111
149 152 10011111101
155 153 011100111111
148 145 000000101100
144 146 10011111100
179 195 0111011100110
222 231 0111011100001
194 137 0111011100000
108 111 0111011100011
106 82 0111011100010
52 38 0111011101101
42 49 0111011101100
50 46 10011111111
156 158 10011111110
161 163 000000101111
164 165 000000101110
155 159 1100011111
160 157 0001001011
142 123 0010010011
88 90 000000101001
94 98 0111011101111
101 103 000000101000
103 104 00000000110
106 110 0001001010
113 117 0000110101
124 124 00101000
131 130 000000101011
127 124 011100111110
122 122 1101001010
119 120 011100111001
125 127 00000000001
128 129 000000101010
129 127 011100111000
125 123 011100111011
121 121 0000110100
124 122 10011111001
120 118 11101010101
111 111 011100111010
115 124 11101010100
135 144 011100100101
148 148 110100110
154 152 011100100100
151 149 011100100111
138 170 0111011101110
206 226 0111011101001
223 193 0111011101000
142 100 0111011101011
113 113 00010011010
117 124 011100100110
128 125 0111011101010
114 105 11101010111
50 50 00011101
157 159 11101010110
94 97 10011111000
100 102 011100100001
103 103 011100100000
118 119 10011111011
121 124 11101010001
127 130 11101010000
132 133 00000000000
130 129 0111010010101
125 124 1101010101
119 118 10011111010
150 149 00000000011
137 164 0111010010100
197 219 0111010010111
225 205 0111010010110
160 119 0111010010001
105 107 11101010011
115 125 0111010010000
130 119 011100100011
97 79 011100100010
155 156 11101010010
159 161 10011100101
162 163 011100101101
162 162 0111010010011
87 90 0111010010010
93 97 00010000101
122 121 011100101100
126 125 10011100100
110 110 011100101111
114 123 011100101110
134 143 011100101001
147 147 0000110111
152 151 00010000100
149 148 000010111
147 146 001010101
136 155 0111010011101
181 207 0111010011100
225 221 0111010011111
187 151 0111010011110
97 103 011100101000
114 124 0111010011001
123 103 0111010011000
72 48 0111010011011
160 162 011100101011
162 160 0111010011010
87 89 011100101010
92 96 011111010101
99 101 11101011101
102 102 10011100111
129 130 00010000111
132 134 10011100110
147 145 00010000110
141 137 011111010100
132 127 11101011100
122 125 10011100001
129 131 0010010010
123 120 0111010000101
118 116 011111010111
109 110 0111010000100
113 122 00010000001
146 147 1101010100
148 146 00010000000
145 145 111101000
136 146 0111010000111
163 190 0111010000110
219 231 0111010000001
212 184 0111010000000
102 108 0111010000011
115 114 011111010110
100 75 0111010000010
50 34 0111010001101
161 162 10011100000
159 155 0111010001100
150 147 11101011111
86 88 0111010001111
91 95 10011100011
98 100 11101011110
101 101 11101011001
137 137 0010011101
137 138 00000000010
141 144 10011100010
147 148 00010000011
177 175 0111010001110
172 167 0111010001001
162 158 0111010001000
127 125 0111010001011
123 121 11101011000
123 124 10011101101
124 123 11101011011
122 120 011111010001
117 116 0111010001010
108 109 0111010110101
112 121 11101011010
133 142 0111010110100
145 146 10011101100
151 151 1100011110
150 150 00010000010
149 147 0111010110111
146 145 1101010111
143 143 000111000
138 141 11101000101
149 171 0111010110110
205 230 0111010110001
226 209 0111010110000
113 92 0111010110011
68 49 011111010000
40 39 011111010011
162 161 011111010010
155 148 0111010110010
140 135 0111010111101
85 87 011111011101
91 94 11101000100
97 99 11101000111
100 100 00010001101
142 142 1101111
143 145 11101000110
149 153 10011101111
178 178 1100011001
148 144 10011101110
136 129 0111010111100
121 119 011111011100
116 115 011111011111
108 108 0111010111111
132 141 0111010111110
149 149 110011101
144 143 00010001100
142 141 011111011110
142 140 0000101000
140 152 0111010111001
184 217 0111010111000
228 222 0111010111011
170 143 0111010111010
101 64 011111011001
43 39 011111011000
163 159 0111010100101
151 141 0111010100100
131 124 0111010100111
84 87 11101000001
90 94 10011101001
139 140 00010001111
142 145 011111011011
149 154 10011101000
159 162 0111010100110
166 167 00010001110
169 172 0000110110
175 178 11101000000
180 181 10011101011
180 172 0111010100001
158 143 0111010100000
130 122 0111010100011
123 122 0111010100010
121 118 0111010101101
116 114 011111011010
107 107 10011101010
111 120 11101000011
131 140 011111000101
144 144 1101010110
143 142 110101101
141 140 11101000010
146 142 0111010101100
135 138 11101001101
163 198 0111010101111
221 226 0111010101110
216 157 0111010101001
83 39 0111010101000
34 47 0111010101011
53 51 00010001001
164 164 0010011100
163 158 011111000100
149 137 0111010101010
125 117 0100101010101
84 86 011111000111
97 98 10010010101
99 99 111101011
134 134 0000110001
135 136 00000001101
138 142 011111000110
147 152 0100101010100
170 171 110101100
172 174 00010001000
176 178 10010010100
179 180 10010010111
204 193 0100101010111
175 154 0100101010110
135 122 0100101010001
114 110 0100101010000
146 144 00010001011
143 141 011111000001
140 140 001010100
134 130 011111000000
150 186 0100101010011
214 225 0100101010010
246 165 0100101011101
69 24 0100101011100
34 58 0100101011111
60 48 0100101011110
166 169 10010010110
167 148 011111000011
113 90 011111000010
99 121 0100101011001
153 162 1100011000
167 165 0010011111
163 157 001010111
140 122 1100011011
78 81 0010011110
85 89 0000101011
93 96 111101010
97 97 0010011001
100 101 000110101
103 106 0000110000
109 112 1100011010
114 115 0000010101
120 123 011111001101
112 113 0000101010
114 116 0010011000
130 132 00000001100
134 138 00010001010
146 152 11101001100
175 179 0000100101
180 182 11101001111
186 190 11101001110
182 186 10010010001
193 197 0100101011000
191 170 011111001100
140 118 0100101011011
110 102 0100101011010
109 130 0100101000101
132 113 011111001111
102 105 0100101000100
103 101 0100101000111
104 117 10010010000
134 147 11101001001
150 148 0100101000110
149 143 11101001000
137 139 11101001011
145 149 10010010011
147 142 011111001110
130 138 11101001010
142 136 0100101000001
134 154 011111001001
193 227 0100101000000
145 93 0100101000011
45 35 0100101000010
45 51 011111001000
50 51 00000001111
44 51 011111001011
46 35 0100101001101
41 56 0100101001100
52 34 0100101001111
169 167 0100101001110
161 140 0100101001001
107 87 0100101001000
99 123 0100101001011
124 126 0100101001010
127 128 011111001010
135 135 10010010010
145 151 0100101110101
174 178 11101110101
186 189 00000001110
193 193 00000001001
195 197 011111110101
195 183 0100101110100
164 151 0100101110111
110 100 0100101110110
98 110 0100101110001
120 117 0100101110000
109 105 0100101110011
102 101 001010110
136 135 011111110100
139 144 11101110100
146 146 0000100100
145 155 0100101110010
173 187 0100101111101
104 69 0100101111100
38 38 011111110111
49 52 1100000101
49 48 10010011101
46 49 10010011100
48 44 11101110111
46 52 10010011111
49 41 011111110110
171 163 0100101111111
149 126 011111110001
97 83 011111110000
100 126 011111110011
119 119 00010110101
130 133 11101110110
136 138 11101110001
144 149 011111110010
161 167 00000001000
179 181 011111111101
185 189 0100101111110
197 194 0100101111001
192 193 0010011011
195 195 011111111100
191 188 0100101111000
137 125 0100101111011
107 96 0100101111010
103 115 0100101100101
114 103 0100101100100
101 100 11101110000
151 150 000111100
135 129 011111111111
128 134 0100101100111
144 151 0100101100110
139 139 110011100
142 151 011111111110
158 153 011111111001
138 124 011111111000
57 42 0100101100001
35 44 011111111011
54 53 10010011110
48 45 11101110011
48 54 011111111010
53 49 10010011001
53 62 011111100101
170 155 0100101100000
134 110 011111100100
87 81 011111100111
101 128 0100101100011
129 133 011111100110
136 137 1100000100
143 147 011111100001
160 166 0100101100010
173 177 0100101101101
178 180 011111100000
184 188 0100101101100
189 187 011111100011
194 200 10010011000
205 208 10010011011
186 178 0100101101111
146 104 0100101101110
89 101 011111100010
108 102 0100101101001
100 99 011111101101
103 116 011111101100
135 148 0100101101000
134 121 0100101101011
113 119 011111101111
144 140 0100101101010
144 156 0100100010101
161 142 0100100010100
101 66 0100100010111
35 36 0100100010110
41 50 0100100010001
54 52 0100100010000
47 44 1100000111
53 44 0100100010011
47 60 011111101110
60 55 10010011010
70 96 0100100010010
162 143 0100100011101
119 98 0100100011100
81 81 011111101001
102 128 0100100011111
118 118 011111101000
138 139 00000001011
138 138 0010011010
160 165 011111101011
172 176 0010000101
177 180 0100100011110
184 187 11101110010
181 184 11101111101
189 194 011111101010
199 204 0100100011001
210 213 011110010101
218 218 0100100011000
186 127 0100100011011
86 85 0010000100
98 103 11101111100
99 98 011110010100
102 116 011110010111
135 149 011110010110
135 115 0100100011010
122 144 11101111111
146 143 11101111110
148 118 0100100000101
70 32 0100100000100
42 48 011110010001
53 53 00000001010
51 50 011110010000
55 45 011110010011
48 63 10010000101
70 74 011110010010
99 130 0100100000111
149 129 011110011101
106 90 0100100000110
80 83 0010000111
103 125 0100100000001
114 114 011110011100
129 134 1101010001
139 138 0000010100
140 142 11101111001
159 164 11101111000
171 175 011110011111
177 179 11101111011
183 186 11101111010
186 192 011110011110
200 205 0100100000000
206 207 011110011001
209 212 011110011000
216 223 0100100000011
208 159 0100100000010
106 83 0100100001101
98 97 0000110011
148 149 110101111
138 110 0100100001100
83 80 11101100101
105 131 0100100001111
144 147 11101100100
148 141 0100100001110
119 86 0100100001001
50 27 0100100001000
54 60 11101100111
59 51 011110011011
54 51 011110011010
57 71 011110000101
87 103 011110000100
127 148 011110000111
135 116 0100100001011
96 86 011110000110
83 87 011110000001
104 122 11101100110
115 113 0100100001010
112 111 0100100110101
140 141 0000100111
158 164 00010110100
196 202 011110000000
208 209 10010000100
205 202 11101100001
203 206 0100100110100
203 213 0100100110111
218 196 0100100110110
146 98 0100100110001
82 89 011110000011
97 96 00000110101
101 116 011110000010
135 150 10010000111
140 107 0100100110000
71 63 0100100110011
88 116 0100100110010
141 151 0100100111101
150 127 0100100111100
87 54 0100100111111
41 41 10010000110
53 59 011110001101
56 46 10010000001
44 52 011110001100
52 45 0100100111110
50 60 011110001111
71 85 0100100111001
107 133 0100100111000
126 108 0100100111011
91 85 0100100111010
104 120 0100100100101
119 116 0100100100100
114 112 011110001110
140 138 011110001001
138 140 00010110111
170 174 10010000000
201 206 0100100100111
209 206 0100100100110
199 194 0100100100001
196 199 0100100100000
199 208 11101100000
225 225 0100100100011
180 115 0100100100010
78 75 0100100101101
148 153 11101100011
142 106 011110001000
65 54 0100100101100
77 107 0100100101111
139 153 0100100101110
152 117 0100100101001
66 34 0100100101000
38 55 011110001011
45 52 10010000011
43 54 011110001010
54 44 0100100101011
47 67 0100100101010
83 96 0100111010101
122 151 0100111010100
154 139 0100111010111
88 87 1100000110
90 91 1100000001
86 84 0010000110
100 121 0010000001
148 158 1100000000
139 120 1100000011
82 83 011110110101
86 90 0000110010
103 99 011110110100
97 101 10010000010
109 113 0100111010110
112 108 011110110111
114 125 0100111010001
124 110 0100111010000
104 110 0100111010011
113 108 0100111010010
115 118 0100111011101
141 142 11101100010
161 169 011110110110
180 191 0100111011100
200 206 011110110001
196 196 011110110000
197 199 00000110100
200 202 011110110011
203 203 10010001101
205 213 0100111011111
212 187 0100111011110
73 81 11101101101
94 112 011110110010
135 151 0100111011001
150 140 0100111011000
148 150 011110111101
143 113 0100111011011
69 44 0100111011010
60 90 10010001100
118 133 0100111000101
148 152 11101101100
145 139 011110111100
141 146 0100111000100
119 68 0100111000111
33 35 0100111000110
49 55 10010001111
52 51 11101101111
51 51 1101010000
52 54 11101101110
57 81 0100111000001
113 136 0100111000000
154 159 00010110110
86 89 011110111111
101 99 011110111110
99 105 011110111001
113 118 0100111000011
116 123 0100111000010
121 109 0100111001101
104 111 11101101001
115 111 0100111001100
123 126 011110111000
128 130 1100000010
134 136 00000110111
140 143 11101101000
143 140 00010110001
136 133 11101101011
155 160 00010110000
168 177 0100111001111
196 197 00010110011
195 196 1101010011
200 201 10010001110
203 201 11101101010
204 212 011110111011
217 206 11100010101
182 161 0100111001110
76 74 0100111001001
83 107 0100111001000
134 150 0100111001011
153 150 011110111010
142 146 11100010100
143 119 0100111001010
74 40 0100111110101
40 59 0100111110100
110 127 0100111110111
146 139 11100010111
139 143 011110100101
157 135 0100111110110
92 49 0100111110001
35 46 0100111110000
50 52 00000110110
49 49 1101010010
72 92 0100111110011
120 139 011110100100
146 150 011110100111
81 83 011110100110
99 100 11100010110
98 99 011110100001
117 120 011110100000
117 107 0100111110010
105 112 00010110010
113 114 11100010001
125 129 011110100011
139 141 10010001001
140 137 011110100010
133 130 10010001000
176 185 0100111111101
191 192 00000110001
190 189 011110101101
197 198 1101000101
199 201 10010001011
202 203 00010111101
204 202 011110101100
203 207 11100010000
213 217 0100111111100
215 212 011110101111
113 86 011110101110
77 103 011110101001
140 117 0100111111111
75 39 0100111111110
32 43 011110101000
81 103 0100111111001
131 147 0100111111000
153 112 0100111111011
59 31 0100111111010
39 57 0100111100101
56 44 0100111100100
51 53 110100001
47 46 00000110000
49 53 10010001010
96 111 0100111100111
130 143 0100111100110
156 161 11100010011
80 82 0010000000
84 88 11100010010
92 95 0100111100001
115 116 11100011101
138 128 0100111100000
115 105 0100111100011
111 110 11100011100
128 132 11100011111
135 137 1101000100
139 136 011110101011
131 129 0100111100010
130 135 0100111101101
141 145 11100011110
172 175 011110101010
181 186 011001010101
189 189 011001010100
188 186 0100111101100
194 195 1101000111
199 200 00010111100
201 202 11100011001
205 204 0100111101111
202 208 0100111101110
217 224 0100111101001
180 122 0100111101000
81 99 0100111101011
136 153 0100111101010
157 150 0100110010101
137 111 0100110010100
73 42 011001010111
38 49 0100110010111
43 75 011001010110
118 147 0100110010110
155 150 011001010001
118 79 0100110010001
40 31 0100110010000
45 58 0100110010011
56 48 011001010000
55 51 0100110010010
46 47 011001010011
55 62 10010110101
141 148 011001010010
157 161 11100011000
80 81 11100011011
98 101 0000111101
105 108 11100011010
109 109 11100000101
154 134 0100110011101
112 103 011001011101
104 107 011001011100
107 106 0100110011100
116 118 11100000100
142 134 0100110011111
123 139 0100110011110
157 169 0100110011001
182 181 0100110011000
182 182 11100000111
184 186 00000110011
188 189 10010110100
193 194 10010110111
198 199 0100110011011
201 203 011001011111
204 201 0100110011010
209 216 0100110000101
231 155 0100110000100
90 90 0100110000111
128 154 0100110000110
156 151 011001011110
141 116 0100110000001
77 43 0100110000000
40 78 0100110000011
131 170 0100110000010
184 183 011001011001
178 176 0000111100
79 54 0100110001101
38 44 0100110001100
51 57 011001011000
50 53 10010110110
54 50 011001011011
47 53 011001011010
69 83 0100110001111
138 143 0100110001110
79 80 0100110001001
83 86 0100110001000
96 98 11100000110
104 106 011001000101
110 114 10010110001
165 136 0100110001011
108 100 0100110001010
106 107 0100110110101
137 131 0100110110100
132 149 0100110110111
169 181 0100110110110
183 182 0100110110001
180 180 00000110010
181 185 0100110110000
189 191 00010111111
194 196 11100000001
200 200 011001000100
195 199 10010110000
202 204 0100110110011
205 206 11100000000
238 176 0100110110010
108 88 0100110111101
116 149 0100110111100
159 152 0100110111111
150 151 0000111111
146 123 0100110111110
79 40 0100110111001
29 38 0100110111000
88 122 0100110111011
168 202 0100110111010
215 215 0100110100101
213 214 0100110100100
82 53 0100110100111
38 51 0100110100110
58 48 011001000111
52 49 011001000110
49 64 0100110100001
90 112 0100110100000
147 149 11100000011
152 154 1100001101
78 80 011001000001
82 86 011001000000
90 93 0100110100011
96 97 1101000110
95 99 0100110100010
103 108 11100000010
118 127 0100110101101
168 132 0100110101100
101 97 10010110011
111 113 011001000011
122 127 10010110010
134 144 0100110101111
154 164 011001000010
175 176 10010111101
179 182 0100110101110
188 188 011001001101
199 203 0100110101001
208 210 0100110101000
209 208 10010111100
224 198 0100110101011
147 106 0100110101010
108 141 011001001100
159 154 0100001010101
141 113 0100001010100
70 42 0100001010111
50 74 011001001111
154 175 0100001010110
201 216 0100001010001
218 217 0100001010000
220 226 0100001010011
135 74 0100001010010
60 53 011001001110
51 48 011001001001
52 75 0100001011101
112 140 0100001011100
151 155 10010111111
158 159 11100001101
78 79 011001001000
89 93 11100001100
101 102 11100001111
104 113 0100001011111
127 139 011001001011
166 128 0100001011110
96 95 11100001110
107 113 0100001011001
116 120 10010111110
121 122 0100001011000
110 124 0100001011011
145 164 0100001011010
174 174 11100001001
167 161 11100001000
167 172 0100001000101
179 185 0100001000100
186 184 0100001000111
192 192 1101101101
193 195 011001001010
196 198 11100001011
199 199 0100001000110
198 196 011001110101
205 207 11100001010
204 200 011001110100
216 218 0100001000001
185 128 0100001000000
108 134 0100001000011
161 152 0100001000010
131 94 011001110111
55 47 11100110101
84 128 0100001001101
196 206 0100001001100
213 211 011001110110
208 217 0100001001111
188 96 0100001001110
24 31 0100001001001
60 59 011001110001
46 43 011001110000
47 49 10010111001
49 47 00010111110
54 82 0100001001000
125 158 011001110011
159 160 011001110010
156 153 011001111101
97 95 0000100110
98 95 0000101101
106 122 0010000011
146 157 011001111100
166 161 0100001001011
142 122 0100001001010
87 91 0000111110
95 98 1100001100
108 92 0100001110101
108 101 0100001110100
116 109 0100001110111
101 204 0100001110110
138 117 0100001110001
106 108 0100001110000
123 128 11100110100
129 125 0100001110011
120 116 0100001110010
138 145 011001111111
155 161 011001111110
179 179 00010111001
181 182 011001111001
186 187 0100001111101
207 208 011001111000
202 182 0100001111100
159 147 0100001111111
152 162 0010000010
158 138 0100001111110
112 97 0100001111001
105 137 0100001111000
176 203 0100001111011
187 207 0100001111010
217 204 0100001100101
190 195 011001111011
213 227 0100001100100
187 65 0100001100111
32 64 011001111010
46 40 0100001100110
55 38 0100001100001
47 51 10010111000
88 135 0100001100000
153 144 011001100101
107 92 0100001100011
107 102 0100001100010
114 109 0100001101101
108 202 0100001101100
137 117 10010111011
105 106 0100001101111
108 113 0100001101110
115 117 0100001101001
147 151 00010111000
164 169 0100001101000
177 177 011001100100
185 185 0100001101011
187 189 11100110111
191 194 0100001101010
189 190 10010111010
197 202 0100000010101
204 194 0100000010100
176 161 0100000010111
152 145 0100000010110
143 163 0100000010001
186 201 0100000010000
198 208 0100000010011
211 201 0100000010010
196 204 0100000011101
215 220 0100000011100
179 67 0100000011111
35 63 0100000011110
46 38 0100000011001
50 36 0100000011000
57 48 011001100111
44 63 011001100110
105 143 0100000011011
153 143 0100000011010
147 158 011001100001
167 168 11100110110
143 123 0100000000101
104 94 0100000000100
105 104 0100000000111
110 108 0100000000110
121 200 0100000000001
137 118 0100000000000
102 100 11100110001
106 112 0100000000011
122 126 0100000000010
153 154 011001100000
153 151 10010100101
150 154 10010100100
175 175 0000111001
176 177 10010100111
177 178 011001100011
182 183 011001100010
185 186 11100110000
191 193 011001101101
188 194 011001101100
193 177 0100000001101
159 148 0100000001100
153 158 11100110011
168 179 0100000001111
188 195 0100000001110
204 206 011001101111
202 196 11100110010
200 212 0100000001001
216 211 011001101110
158 66 0100000001000
39 61 011001101001
46 37 011001101000
47 37 0100000001011
58 45 011001101011
49 85 0100000001010
128 150 0100000110101
151 146 00010111011
148 159 0100000110100
168 169 0100000110111
168 162 011001101010
144 124 0100000110110
100 96 10010100110
139 197 0100000110001
138 120 0100000110000
105 102 0100000110011
122 119 011000010101
116 116 11100111101
120 127 0100000110010
136 142 00010111010
151 154 00010100101
173 173 011000010100
178 179 0100000111101
185 187 0100000111100
188 190 0100000111111
187 187 0100000111110
190 194 0100000111001
194 185 0100000111000
168 155 0100000111011
167 176 0100000111010
191 204 0100000100101
210 209 011000010111
197 193 0100000100100
198 211 0100000100111
216 212 0100000100110
125 60 0100000100001
40 57 0100000100000
48 40 011000010110
55 50 11100111100
69 113 0100000100011
144 148 011000010001
148 160 0100000100010
168 170 011000010000
169 163 011000010011
145 125 011000010010
101 108 011000011101
99 107 011000011100
158 193 0100000101101
141 124 0100000101100
110 105 0100000101111
102 99 011000011111
117 117 0100000101110
122 130 011000011110
150 155 011000011001
161 164 0100000101001
171 172 0100000101000
174 175 0010001101
181 183 00010100100
184 185 0100000101011
187 188 0100000101010
190 182 0100011010101
182 185 011000011000
180 173 0100011010100
188 192 011000011011
198 204 011000011010
206 205 0100011010111
202 200 011000000101
194 201 11100111111
198 210 011000000100
219 219 0100011010110
87 51 0100011010001
40 52 0100011010000
50 44 011000000111
49 54 011000000110
52 65 0100011010011
100 139 0100011010010
151 143 011000000001
148 166 0100011011101
149 160 0100011011100
169 170 11100111110
170 164 011000000000
93 99 0100011011111
99 110 011000000011
93 107 0100011011110
175 190 11100111001
144 129 0100011011001
115 109 11100111000
104 99 0100011011000
104 114 011000000010
127 133 0100011011011
168 168 011000001101
172 172 0100011011010
188 178 0100011000101
169 168 0100011000100
175 185 0100011000111
201 200 011000001100
198 197 11100111011
197 203 0100011000110
202 195 0100011000001
196 207 0100011000000
214 214 011000001111
54 45 0100011000011
41 47 0100011000010
51 47 0100011001101
50 61 10010100001
56 87 0100011001100
129 154 0100011001111
151 142 0100011001110
151 169 0100011001001
150 161 000111111
146 126 011000001110
90 100 0100011001000
97 112 0000111000
89 106 0100011001011
148 134 0100011001010
121 113 0100011110101
106 100 0100011110100
106 117 0100011110111
125 130 0100011110110
134 135 11100111010
136 141 0100011110001
158 162 0100011110000
169 169 011000001001
170 170 0100011110011
174 176 1101011101
178 177 011000001000
177 174 0100011110010
173 175 11100100101
182 189 011000001011
195 198 0100011111101
201 197 0100011111100
187 180 0100011111111
186 197 011000001010
195 185 0100011111110
34 45 0100011111001
45 45 0100011111000
52 46 0100011111011
46 62 011000110101
68 107 0100011111010
145 156 0100011100101
156 163 0100011100100
171 165 0100011100111
88 101 11100100100
96 113 0100011100110
87 106 0100011100001
195 187 0100011100000
150 137 011000110100
124 116 0100011100011
107 101 011000110111
107 119 0100011100010
115 120 011000110110
128 135 0100011101101
138 137 11100100111
145 147 011000110001
145 148 11100100110
156 162 011000110000
165 166 11100100001
181 180 11100100000
179 178 0100011101100
176 175 011000110011
174 173 011000110010
166 171 11100100011
179 187 0100011101111
192 195 0100011101110
202 187 0100011101001
174 186 0100011101000
174 154 0100011101011
25 46 0100011101010
51 45 011000111101
42 60 0100010010101
79 119 0100010010100
150 157 0100010010111
161 155 0100010010110
95 93 011000111100
94 101 011000111111
171 167 1100001111
151 132 1100001110
93 95 0010001100
95 96 1100001001
91 105 10010100000
99 97 11100100010
100 84 11100101101
190 190 00010100111
165 156 0100010010001
145 132 0100010010000
111 96 0100010010011
98 111 0100010010010
118 130 011000111110
132 126 011000111001
130 136 0100010011101
151 158 0100010011100
168 175 0100010011111
156 165 0100010011110
165 158 0100010011001
161 171 0100010011000
172 162 0100010011011
169 176 0100010011010
177 170 0100010000101
167 171 10010100011
192 194 11100101100
195 194 011000111000
192 190 0100010000100
194 194 0100010000111
199 202 011000111011
204 205 0100010000110
198 151 0100010000001
153 191 0100010000000
170 49 0100010000011
45 43 011000111010
44 40 11100101111
56 81 0100010000010
98 98 011000100101
96 93 10010100010
99 84 011000100100
172 161 0100010001101
118 103 011000100111
104 116 0100010001100
126 131 011000100110
135 133 11100101110
128 127 011000100001
132 138 11100101001
139 142 11100101000
161 158 0100010001111
157 162 011000100000
162 157 10010101101
163 174 0100010001110
174 165 0100010001001
164 157 11100101011
156 164 0100010001000
192 191 11100101010
200 199 011000100011
197 196 0100010001011
184 162 0100010001010
164 154 0100010110101
141 173 0100010110100
153 59 0100010110111
49 50 00010100110
44 45 0100010110110
68 97 0100010110001
96 94 11111010101
94 102 0100010110000
91 104 011000100010
95 92 11111010100
96 84 11111010111
181 168 0100010110011
154 142 0100010110010
127 112 0100010111101
112 120 0100010111100
133 131 10010101100
126 129 011000101101
137 140 10010101111
142 143 0000101100
145 144 0000010111
165 173 0100010111111
169 159 0100010111110
161 157 0100010111001
159 172 0100010111000
194 193 11111010110
207 207 1101101100
164 152 0100010111011
151 163 0100010111010
118 48 0100010100101
51 49 10010101110
44 53 011000101100
86 119 11111010001
149 151 011000101111
153 155 11111010000
95 102 0100010100100
92 103 011000101110
93 89 011000101001
95 84 10010101001
198 202 011000101000
187 170 0100010100111
154 143 11111010011
132 119 11111010010
116 121 0100010100110
133 129 0100010100001
129 132 00010100001
133 132 10010101000
137 136 0000010110
119 115 10010101011
115 123 0100010100000
136 144 011000101011
144 141 11111011101
151 148 11111011100
138 127 0100010100011
129 146 0100010100010
159 163 011000101010
169 183 011011010101
193 196 0100010101101
190 197 0100010101100
208 215 0100010101111
216 210 0100010101110
201 194 0100010101001
133 117 0100010101000
97 132 0100010101011
187 157 0100010101010
71 24 0101101010101
50 45 011011010100
104 138 011011010111
151 152 11111011111
96 103 00010100000
189 168 0101101010100
149 140 0101101010111
133 121 0101101010110
130 126 0101101010001
129 126 011011010110
110 101 0101101010000
97 108 0101101010011
127 138 0101101010010
134 125 011011010001
109 96 011011010000
84 77 0101101011101
105 130 0101101011100
155 167 011011010011
175 186 0101101011111
196 203 0101101011110
211 213 0101101011001
202 181 0101101011000
157 142 0101101011011
103 161 0101101011010
203 127 0101101000101
35 30 0101101000100
44 48 011011010010
46 42 0101101000111
49 77 0101101000110
118 148 0101101000001
99 96 11111011110
97 104 11111011001
116 125 011011011101
190 166 0101101000000
143 136 0101101000011
132 123 0101101000010
121 125 0101101001101
131 126 11111011000
117 101 0101101001100
88 95 0101101001111
114 121 0101101001110
109 92 0101101001001
83 82 0101101001000
82 77 0101101001011
64 49 0101101001010
47 55 11111011011
108 138 0101101110101
168 182 0101101110100
187 192 011011011100
195 193 0101101110111
191 191 11111011010
190 192 0101101110110
206 203 011011011111
195 180 011011011110
157 130 0101101110001
106 91 0101101110000
78 116 0101101110011
148 176 0101101110010
163 76 0101101111101
24 58 0101101111100
44 46 0101101111111
44 43 1101101111
60 96 0101101111110
131 149 0101101111001
97 105 0101101111000
191 164 0101101111011
140 134 011011011001
133 124 11111000101
114 108 011011011000
121 127 0101101111010
132 131 011011011011
126 124 1101101110
128 133 10010101010
134 133 11001010101
128 120 0101101100101
111 106 011011011010
110 89 0101101100100
96 75 0101101100111
80 76 0101101100110
72 64 0101101100001
46 39 0101101100000
60 88 011011000101
131 159 0101101100011
186 194 0101101100010
196 194 0101101101101
189 188 011011000100
196 180 0101101101100
154 127 0101101101111
108 98 11111000100
114 160 0101101101110
170 132 0101101101001
84 45 0101101101000
38 61 0101101101011
75 115 0101101101010
100 97 00010100011
98 105 0101100010101
117 126 0101100010100
193 165 0101100010111
139 134 011011000111
134 126 0101100010110
123 129 011011000110
133 127 0101100010001
129 141 0101100010000
133 134 11001010100
126 116 0101100010011
107 100 11111000111
89 68 0101100010010
54 69 011011000001
99 114 011011000000
100 79 0101100011101
95 89 011011000011
82 70 0101100011100
53 55 1101011100
93 137 0101100011111
142 168 0101100011110
185 184 0101100011001
193 191 0101100011000
194 197 0101100011011
175 151 0101100011010
115 87 0101100000101
80 94 011011000010
119 138 0101100000100
164 193 0101100000111
160 70 0101100000110
23 41 0101100000001
54 39 011011001101
46 53 011011001100
86 128 0101100000000
106 102 11001010111
108 125 0101100000011
169 171 1100001000
172 168 1100001011
152 134 0010001111
82 81 1100001010
81 86 0010110101
93 98 0010110100
100 98 00010100010
84 80 0101100000010
122 176 0101100001101
192 170 011011001111
143 118 0101100001100
113 126 0101100001111
126 120 0101100001110
121 126 011011001110
125 122 0101100001001
100 74 0101100001000
67 75 011011001001
67 93 0101100001011
93 74 011011001000
70 83 0101100001010
75 78 011011001011
54 85 0101100110101
80 133 0101100110100
141 167 0101100110111
181 181 11111000110
183 183 0101100110110
188 180 0101100110001
183 200 0101100110000
203 178 0101100110011
140 115 0101100110010
109 121 0101100111101
148 167 0101100111100
170 121 0101100111111
64 38 0101100111110
44 55 0101100111001
51 40 0101100111000
54 40 0101100111011
46 84 0101100111010
124 143 0101100100101
163 163 0010110111
160 160 0000111011
108 124 0101100100100
90 84 11111000001
116 159 0101100100111
200 181 0101100100110
164 153 0101100100001
134 114 0101100100000
115 131 0101100100011
125 120 0101100100010
123 127 011011001010
108 103 0101100101101
85 65 0101100101100
61 68 011011110101
51 54 11111000000
73 90 0101100101111
83 65 0101100101110
71 94 0101100101001
68 75 011011110100
63 100 0101100101000
103 154 0101100101011
163 185 0101100101010
188 182 0101111010101
158 125 0101111010100
104 100 0101111010111
89 125 0101111010110
154 160 011011110111
173 181 0101111010001
117 85 0101111010000
50 38 0101111010011
49 59 011011110110
52 42 011011110001
51 87 0101111010010
125 144 0101111011101
99 95 011011110000
101 96 011011110011
99 92 0101111011100
107 132 0101111011111
198 191 0101111011110
177 154 0101111011001
128 113 011011110010
120 134 0101111011000
104 95 0101111011011
69 58 011011111101
60 70 0101111011010
68 77 011011111100
64 50 0101111000101
64 93 0101111000100
67 79 011011111111
83 121 0101111000111
135 175 0101111000110
182 196 0101111000001
186 193 0101111000000
193 167 0101111000011
117 78 0101111000010
77 96 0101111001101
108 123 0101111001100
142 160 0101111001111
158 135 0101111001110
61 51 11111000011
42 43 0101111001001
52 57 0101111001000
53 46 0101111001011
50 48 11111000010
61 94 0101111001010
127 147 011011111110
106 103 11001010110
98 94 0101111110101
105 121 0101111110100
102 95 11111001101
97 106 0101111110111
100 107 011011111001
175 192 0101111110110
192 165 011011111000
94 89 0000111010
83 75 0101111110001
62 55 11001010001
67 86 0101111110000
61 67 011011111011
58 51 11001010000
63 84 0101111110011
74 88 011011111010
107 140 0101111110010
161 183 011011100101
186 188 0101111111101
180 179 0101111111100
182 194 0101111111111
196 167 0101111111110
112 73 0101111111001
79 105 011011100100
130 152 011011100111
168 154 0101111111000
108 65 0101111111011
40 43 0101111111010
48 51 11111001100
43 40 0101111100101
49 56 011011100110
75 103 0101111100100
130 149 0101111100111
107 103 11001010011
97 93 0101111100110
103 119 0101111100001
101 95 0101111100000
95 106 0101111100011
112 107 0101111100010
98 93 0101111101101
140 185 0101111101100
207 177 0101111101111
138 125 0101111101110
123 116 0101111101001
121 115 011011100001
110 107 0101111101000
83 76 11111001111
59 52 0101111101011
71 96 0101111101010
64 59 011011100000
58 62 11111001110
64 64 0101110010101
70 78 0101110010100
82 95 0101110010111
125 150 0101110010110
179 183 11111001001
185 178 0101110010001
179 177 0101110010000
174 177 0010001110
185 192 011011100011
196 178 0101110010011
135 97 0101110010010
88 99 0101110011101
89 119 0101110011100
152 158 011011100010
129 86 0101110011111
55 42 011011101101
41 49 011011101100
57 56 11111001000
49 43 0101110011110
42 44 0101110011001
49 67 011011101111
91 114 0101110011000
133 150 0101110011011
96 91 011011101110
101 117 011011101001
95 104 011011101000
113 112 0101110011010
101 91 0101110000101
115 182 0101110000100
216 178 0101110000111
121 108 011011101011
119 124 0101110000110
127 123 0101110000001
114 102 0101110000000
94 90 0101110000011
59 64 0101110000010
73 73 11111001011
61 52 011011101010
65 85 0101110001101
71 60 011010010101
69 73 0101110001100
94 104 0101110001111
141 156 011010010100
191 182 0101110001110
185 171 0101110001001
173 172 0101110001000
175 180 0101110001011
195 189 0101110001010
160 118 0101110110101
85 71 011010010111
79 106 0101110110100
139 146 11111001010
115 68 0101110110111
38 31 0101110110110
59 57 011010010110
48 55 0101110110001
51 78 0101110110000
107 123 0101110110011
95 90 011010010001
100 115 0101110110010
98 96 0101110111101
96 102 011010010000
111 115 0101110111100
107 97 0101110111111
111 187 0101110111110
218 165 0101110111001
120 109 011010010011
120 125 11111110101
127 121 0101110111000
106 89 0101110111011
78 73 0101110111010
48 48 11001010010
56 68 11111110100
70 62 0101110100101
59 62 11111110111
83 72 0101110100100
53 39 011010010010
40 56 011010011101
76 89 11111110110
162 164 011010011100
199 177 0101110100111
181 161 0101110100110
176 174 011010011111
172 173 011010011110
176 184 0101110100001
191 196 011010011001
200 195 0101110100000
178 131 0101110100011
80 51 0101110100010
77 93 0101110101101
119 131 0101110101100
109 67 0101110101111
39 33 0101110101110
57 55 11111110001
54 87 0101110101001
120 131 0101110101000
137 149 011010011000
99 115 0101110101011
96 100 0101110101010
109 116 11001011101
118 194 0101001010101
217 152 0101001010100
95 103 11111110000
119 112 0101001010111
128 119 0101001010110
101 81 0101001010001
68 62 011010011011
45 66 0101001010000
81 74 0101001010011
57 46 0101001010010
105 96 0101001011101
75 50 0101001011100
43 63 0101001011111
97 120 0101001011110
182 171 011010011010
203 170 0101001011001
173 150 0101001011000
178 186 0101001011011
195 201 11001011100
201 196 0101001011010
187 139 0101001000101
83 48 0101001000100
48 95 0101001000111
144 142 11001011111
84 30 0101001000110
56 54 0101001000001
46 41 0101001000000
43 47 11111110011
55 93 0101001000011
127 136 0101001000010
103 100 0010001001
146 161 110011001
173 176 0010001000
174 169 0010110110
155 138 0010110001
85 90 0000100001
97 102 0010110000
101 170 0101001001101
193 137 0101001001100
92 106 0101001001111
127 108 0101001001110
93 71 0101001001001
73 58 0101001001000
52 59 0101001001011
59 58 0101001001010
69 84 0101001110101
66 68 0101001110100
43 33 0101001110111
73 119 0101001110110
147 170 0101001110001
160 154 0101001110000
156 167 0101001110011
172 166 0101001110010
163 161 0101001111101
162 170 011010000101
182 191 0101001111100
193 192 011010000100
189 200 011010000111
210 210 00001000001
198 164 0101001111111
110 63 0101001111110
44 49 11111110010
95 164 0101001111001
81 51 0101001111000
40 65 0101001111011
47 45 011010000110
100 116 011010000001
137 153 0101001111010
158 154 0101001100101
149 145 0101001100100
149 150 00010101101
106 111 011010000000
115 115 11111111101
96 157 0101001100111
180 137 0101001100110
101 114 0101001100001
130 125 011010000011
125 99 0101001100000
86 72 0101001100011
49 51 011010000010
54 56 11111111100
70 87 0101001100010
66 76 0101001101101
62 62 11001011110
102 142 0101001101100
163 183 0101001101111
163 181 011010001101
187 177 0101001101110
167 163 0101001101001
160 161 011010001100
167 178 0101001101000
191 199 011010001111
200 197 0101001101011
192 203 011010001110
213 216 0101001101010
206 170 0101000010101
108 55 0101000010100
42 47 11111111111
93 160 0101000010111
88 53 0101000010110
40 63 0101000010001
56 61 11111111110
46 48 11001011001
109 123 0101000010000
142 155 0101000010011
99 141 0101000010010
160 134 0101000011101
111 78 0101000011100
71 73 0101000011111
53 45 0101000011110
60 52 0101000011001
69 86 011010001001
56 77 0101000011000
82 96 0101000011011
136 164 0101000011010
164 162 011010001000
170 183 011010001011
184 168 0101000000101
152 146 011010001010
171 183 0101000000100
201 198 011010110101
201 204 011010110100
209 213 011010110111
211 182 0101000000111
122 69 0101000000110
40 45 0101000000001
89 151 0101000000000
100 58 0101000000011
40 60 0101000000010
60 62 0101000001101
61 55 11111111001
50 59 0101000001100
120 132 011010110110
106 109 0101000001111
135 127 0101000001110
90 57 0101000001001
58 74 0101000001000
59 47 011010110001
62 77 011010110000
60 51 0101000001011
66 79 0101000001010
42 73 0101000110101
95 120 0101000110100
157 171 0101000110111
172 185 0101000110110
168 160 0101000110001
174 181 0101000110000
202 207 011010110011
213 196 0101000110011
144 95 0101000110010
39 42 0101000111101
83 137 0101000111100
114 63 0101000111111
40 58 0101000111110
63 61 011010110010
57 75 011010111101
129 138 0101000111001
150 158 011010111100
144 145 011010111111
110 113 0101000111000
116 117 0101000111011
143 122 0101000111010
81 52 0101000100101
59 78 011010111110
62 48 0101000100100
63 77 0101000100111
56 49 11111111000
49 57 0101000100110
60 58 11111111011
60 67 0101000100001
45 80 0101000100000
110 139 0101000100011
164 178 0101000100010
202 211 0101000101101
218 199 0101000101100
145 94 0101000101111
40 40 011010111001
76 120 0101000101110
126 67 0101000101001
42 58 0101000101000
65 60 0101000101011
66 93 0101000101010
134 142 0101011010101
151 157 011010111000
156 107 0101011010100
82 106 0101011010111
129 118 011010111011
101 98 011010111010
81 62 0101011010110
71 80 0101011010001
55 48 011010100101
57 60 011010100100
73 107 0101011010000
134 160 0101011010011
179 169 0101011010010
161 179 0101011011101
190 165 0101011011100
132 145 0101011011111
191 195 011010100111
206 181 0101011011110
124 72 0101011011001
68 103 0101011011000
136 70 0101011011011
44 59 0101011011010
65 56 011010100110
54 55 00010101100
76 112 0101011000101
158 155 0101011000100
159 157 0101011000111
101 104 0101011000110
152 86 0101011000001
57 100 0101011000000
134 112 0101011000011
81 73 0101011000010
74 68 0101011001101
79 76 0101011001100
54 47 0101011001111
61 50 11111111010
56 59 0101011001110
111 138 0101011001001
159 176 0101011001000
186 168 0101011001011
162 185 0101011001010
164 148 0101011110101
133 125 0101011110100
115 100 0101011110111
91 92 0101011110110
139 150 0101011110001
165 176 0101011110000
189 193 0101011110011
192 187 0101011110010
177 167 0101011111101
160 144 0101011111100
109 74 0101011111111
47 38 011010100001
62 88 0101011111110
142 72 0101011111001
64 53 011010100000
50 54 011010100011
85 128 0101011111000
157 163 011010100010
161 156 011010101101
140 139 0101011111011
99 103 0101011111010
109 117 0101011100101
124 128 11111100101
142 69 0101011100100
42 97 0101011100111
137 109 0101011100110
67 55 0101011100001
62 66 0101011100000
79 71 0101011100011
57 44 0101011100010
66 52 0101011101101
44 50 0101011101100
55 56 00001000000
57 62 11111100100
135 158 0101011101111
172 183 0101011101110
187 166 0101011101001
161 188 0101011101000
132 143 011010101100
140 120 0101011101011
99 91 0101011101010
104 123 0101010010101
149 169 011010101111
185 188 011010101110
199 180 0101010010100
148 120 0101010010111
112 115 011010101001
109 97 0101010010110
49 38 0101010010001
58 79 0101010010000
145 73 0101010010011
48 64 011010101000
63 51 011010101011
48 53 011010101010
90 136 0101010010010
140 150 0101010011101
165 159 0101010011100
95 91 0101010011111
86 111 001101010101
144 161 0010110011
178 173 0010110010
157 141 110011000
85 84 0101010011110
96 99 001101010100
97 94 11111100111
109 86 0101010011001
144 131 0101010011000
156 145 0101010011011
120 86 0101010011010
61 62 0101010000101
87 112 0101010000100
69 67 0101010000111
50 33 0101010000110
69 59 0101010000001
55 52 11111100110
79 125 0101010000000
169 166 0101010000011
189 169 0101010000010
127 92 0101010001101
71 81 001101010111
68 53 0101010001100
58 59 11111100001
69 96 0101010001111
137 148 0101010001110
150 174 0101010001001
198 195 0101010001000
197 154 0101010001011
105 76 0101010001010
57 67 001101010110
55 40 0101010110101
52 55 11001011000
167 90 0101010110100
56 56 0101010110111
52 56 001101010001
50 40 0101010110110
48 81 0101010110001
118 139 0101010110000
146 148 1101101011
145 143 0101010110011
93 101 0101010110010
93 88 001101010000
93 83 0101010111101
83 108 001101010011
83 83 001101010010
84 90 0101010111100
78 91 0101010111111
127 143 0101010111110
159 143 0101010111001
148 116 001101011101
78 62 0101010111000
68 78 001101011100
76 70 0101010111011
84 75 0101010111010
58 42 0101010100101
42 50 001101011111
46 36 0101010100100
59 61 0101010100111
37 48 0101010100110
93 139 0101010100001
162 176 0101010100000
174 134 0101010100011
90 62 0101010100010
42 52 11111100000
69 61 0101010101101
125 121 0101010101100
137 151 0101010101111
157 182 0101010101110
200 190 0101010101001
70 76 001101011110
80 66 001101011001
52 52 00010101111
54 41 0101010101000
166 92 0101010101011
58 56 0101010101010
50 42 001101011000
52 85 001101011011
121 140 1010101010101
149 146 001101011010
92 99 001101000101
91 86 1010101010100
91 80 001101000100
85 91 1010101010111
91 101 1010101010110
112 144 1010101010001
142 149 1010101010000
142 152 001101000111
106 78 001101000110
66 77 1010101010011
67 51 1010101010010
109 94 1010101011101
65 41 1010101011100
38 52 1010101011111
46 61 1010101011110
63 45 1010101011001
38 66 1010101011000
117 156 1010101011011
203 194 1010101011010
154 103 1010101000101
63 43 1010101000100
69 56 1010101000111
42 77 1010101000110
143 151 001101000001
97 56 1010101000001
120 115 001101000000
130 147 001101000011
160 187 1010101000000
197 175 1010101000011
84 55 1010101000010
58 100 1010101001101
118 87 1010101001100
53 42 1010101001111
52 44 001101000010
57 53 001101001101
165 97 1010101001110
63 55 1010101001001
60 94 1010101001000
143 137 1010101001011
93 100 001101001100
92 87 1010101001010
79 104 001101001111
88 88 11001011011
99 102 001101001110
81 141 1010101110101
152 179 1010101110100
138 126 1010101110111
55 59 1010101110110
62 60 11111100011
56 58 1010101110001
65 72 1010101110000
121 104 1010101110011
72 44 1010101110010
69 72 001101001001
39 54 1010101111101
49 94 1010101111100
142 165 1010101111111
178 184 1010101111110
185 170 1010101111001
139 103 1010101111000
75 60 001101001000
99 88 1010101111011
77 119 1010101111010
191 200 1010101100101
144 100 1010101100100
121 138 1010101100111
156 187 1010101100110
191 159 1010101100001
98 76 1010101100000
90 137 1010101100011
146 99 1010101100010
163 102 1010101101101
69 55 1010101101100
70 105 1010101101111
148 143 1010101101110
137 132 1010101101001
131 135 001101001011
140 144 11111100010
92 81 1010101101000
80 105 1010101101011
68 82 11111101101
96 172 1010101101010
181 187 001101001010
120 89 001101110101
53 68 001101110100
78 72 1010100010101
56 53 1010100010100
68 85 1010100010111
120 106 1010100010110
77 47 1010100010001
37 46 1010100010000
40 44 1010100010011
72 127 1010100010010
204 181 1010100011101
153 136 1010100011100
130 123 1010100011111
108 135 1010100011110
187 195 1010100011001
163 144 1010100011000
121 134 1010100011011
154 190 1010100011010
194 157 1010100000101
129 112 1010100000100
121 148 1010100000111
139 89 1010100000110
55 54 001101110111
65 49 1010100000001
162 108 1010100000000
75 54 1010100000011
81 117 1010100000010
139 145 1010100001101
142 150 11111101100
159 165 001101110110
93 80 1010100001100
95 111 1010100001111
126 153 1010100001110
132 109 1010100001001
71 61 11111101111
96 88 1010100001000
76 67 11111101110
63 66 1010100001011
72 77 001101110001
125 116 1010100001010
90 60 001101110000
43 43 001101110011
45 38 1010100110101
35 56 1010100110100
103 152 1010100110111
197 165 1010100110110
129 140 1010100110001
137 127 1010100110000
116 126 1010100110011
129 136 11111101001
154 196 1010100110010
205 169 1010100111101
140 128 1010100111100
126 128 001101110010
110 76 1010100111111
57 59 0001101001
43 56 1010100111110
70 47 001101111101
160 113 1010100111001
80 53 1010100111000
48 60 1010100111011
91 128 1010100111010
145 153 1010100100101
177 181 1010100100100
93 87 001101111100
90 77 1010100100111
76 101 1010100100110
92 91 1010100100001
92 98 001101111111
143 127 1010100100000
119 90 1010100100011
119 99 1010100100010
74 57 001101111110
78 84 1010100101101
95 66 1010100101100
47 43 11001011010
49 37 1010100101111
44 82 1010100101110
131 166 1010100101001
139 130 1010100101000
134 145 1010100101011
126 136 1010100101010
148 195 1010111010101
212 181 1010111010100
149 141 1010111010111
127 113 001101111001
101 89 1010111010110
76 65 1010111010001
41 59 001101111000
73 45 1010111010000
159 118 1010111010011
85 53 1010111010010
99 136 1010111011101
147 153 001101111011
164 174 1010111011100
187 186 1010111011111
87 74 001101111010
73 97 1010111011110
86 87 1010111011001
90 97 1010111011000
140 103 1010111011011
94 63 1010111011010
87 57 1010111000101
69 57 001101100101
109 99 1010111000100
79 55 1010111000111
83 109 1010111000110
81 57 1010111000001
43 45 001101100100
50 39 1010111000000
55 103 1010111000011
148 170 1010111000010
186 202 1010111001101
77 97 001101100111
122 136 1010111001100
170 168 001101100110
134 128 1010111001111
140 189 1010111001110
212 185 1010111001001
137 116 1010111001000
112 114 001101100001
98 74 001101100000
75 45 001101100011
158 120 1010111001011
87 52 1010111001010
48 65 1010111110101
103 141 1010111110100
154 149 1010111110111
158 166 1010111110110
178 189 1010111110001
189 185 1010111110000
81 79 11111101000
78 58 001101100010
58 91 1010111110011
141 157 0010111101
176 172 0010111100
96 76 001101101101
80 95 001101101100
128 109 1010111110010
67 67 1010111111101
92 118 1010111111100
107 90 1010111111111
65 47 1010111111110
76 80 001101101111
126 95 1010111111001
100 71 1010111111000
78 29 1010111111011
48 58 11111101011
40 53 1010111111010
108 147 1010111100101
162 201 1010111100100
175 71 1010111100111
123 133 11111101010
141 149 001101101110
175 177 1101000001
174 167 001101101001
158 152 001101101000
129 117 001101101011
138 183 1010111100110
207 204 1010111100001
169 162 1010111100000
148 137 001101101010
96 68 1010111100011
43 69 1010111100010
66 59 1010111101101
155 133 1010111101100
74 37 1010111101111
59 97 1010111101110
132 147 1010111101001
153 159 1010111101000
141 147 001100010101
149 142 1010111101011
133 135 00010101110
150 164 1010111101010
80 78 1010110010101
59 92 1010110010100
102 82 1010110010111
112 128 1010110010110
111 95 1010110010001
71 84 1010110010000
97 82 1010110010011
61 48 1010110010010
52 67 1010110011101
80 87 1010110011100
102 81 1010110011111
94 78 11110010101
87 40 1010110011110
48 50 00011011101
44 84 1010110011001
119 149 1010110011000
184 178 1010110011011
117 59 1010110011010
137 180 1010110000101
205 205 0010001011
168 161 1010110000100
97 68 001100010100
42 68 1010110000111
67 59 1010110000110
78 36 1010110000001
64 101 1010110000000
134 148 1010110000011
153 157 001100010111
143 146 001100010110
133 139 1010110000010
156 171 1010110001101
80 84 001100010001
77 77 1010110001100
77 58 1010110001111
59 93 001100010000
96 78 001100010011
84 101 001100010010
108 122 1010110001110
124 102 1010110001001
106 92 1010110001000
75 68 1010110001011
81 67 1010110001010
49 40 1010110110101
65 73 1010110110100
70 65 001100011101
103 58 1010110110111
50 113 1010110110110
136 161 1010110110001
195 139 1010110110000
140 148 1010110110011
167 170 001100011100
174 166 1010110110010
157 151 1010110111101
129 119 1010110111100
136 175 001100011111
166 160 1010110111111
148 138 001100011110
135 126 001100011001
98 69 1010110111110
42 66 1010110111001
145 136 1010110111000
87 34 1010110111011
47 52 00011011100
73 108 1010110111010
137 150 1010110100101
141 135 11110010100
135 146 1010110100100
167 183 1010110100111
197 197 1010110100110
77 81 1010110100001
75 75 001100011000
76 58 1010110100000
92 76 1010110100011
84 102 001100011011
116 92 1010110100010
98 104 001100011010
101 84 1010110101101
65 68 1010110101100
93 119 1010110101111
81 65 1010110101110
48 39 1010110101001
37 39 1010110101000
49 60 11110010111
46 60 001100000101
95 117 1010110101011
117 76 1010110101010
44 26 1010001010101
68 120 1010001010100
160 181 1010001010111
167 91 1010001010110
41 61 1010001010001
123 132 1010001010000
165 169 001100000100
172 165 1010001010011
156 150 1010001010010
129 121 1010001011101
134 168 1010001011100
164 159 1010001011111
135 125 1010001011110
96 66 1010001011001
43 64 1010001011000
71 54 1010001011011
99 34 1010001011010
45 59 1010001000101
86 118 1010001000100
147 143 001100000111
137 134 001100000110
140 157 1010001000111
178 192 1010001000110
75 80 1010001000001
74 56 1010001000000
58 92 001100000001
98 83 1010001000011
118 91 1010001000010
95 101 1010001001101
99 81 1010001001100
90 72 001100000000
57 51 1010001001111
46 44 1010001001110
56 72 11110010110
44 70 1010001001001
103 131 1010001001000
116 85 1010001001011
45 29 1010001001010
100 123 001100000011
182 188 001100000010
105 49 1010001110101
56 66 1010001110100
123 131 11110010001
170 172 11110010000
169 161 1010001110111
129 123 1010001110110
132 161 1010001110001
194 214 1010001110000
147 138 1010001110011
134 122 1010001110010
91 60 1010001111101
47 62 001100001101
71 49 1010001111100
112 36 1010001111111
43 67 1010001111110
100 128 1010001111001
146 154 1010001111000
146 140 11110010011
150 169 1010001111011
203 204 11110010010
73 72 1010001111010
73 54 1010001100101
55 89 1010001100100
94 81 1010001100111
93 113 001100001100
110 81 1010001100110
107 95 1010001100001
80 75 001100001111
81 92 1010001100000
102 106 1010001100011
86 67 1010001100010
53 52 11001000101
48 46 1010001101101
63 87 1010001101100
105 125 001100001110
92 80 001100001001
186 157 1010001101111
51 30 1010001101110
72 68 001100001000
105 113 001100001011
137 143 1010001101001
151 156 001100001010
165 167 001100110101
148 142 001100110100
131 132 11110011101
131 155 1010001101000
190 217 1010001101011
146 136 1010001101010
130 117 1010000010101
84 51 1010000010100
52 62 1010000010111
71 42 1010000010110
105 139 001100110111
126 40 1010000010001
41 73 1010000010000
112 137 1010000010011
154 147 1010000010010
143 138 001100110110
136 145 1010000011101
198 198 1010000011100
204 204 11110011100
77 80 1010000011111
73 71 001100110001
71 51 1010000011110
89 76 1010000011001
90 111 1010000011000
101 70 1010000011011
106 95 1010000011010
87 100 1010000000101
110 115 001100110000
87 65 1010000000100
50 49 11110011111
84 108 1010000000111
54 66 1010000000110
66 94 1010000000001
125 163 1010000000000
164 93 1010000000011
31 43 1010000000010
76 77 1010000001101
149 155 001100110011
160 153 1010000001100
144 138 001100110010
130 127 11001000100
129 150 001100111101
187 219 1010000001111
145 134 1010000001110
127 111 1010000001001
76 43 1010000001000
71 35 1010000001011
92 139 1010000001010
137 44 1010000110101
39 79 1010000110100
154 144 1010000110111
138 154 1010000110110
193 190 1010000110001
202 202 11110011110
70 49 001100111100
49 83 1010000110000
95 83 1010000110011
98 119 1010000110010
106 74 1010000111101
84 93 1010000111100
96 121 1010000111111
105 80 1010000111110
62 58 11110011001
49 42 1010000111001
62 93 1010000111000
101 119 1010000111011
91 81 1010000111010
24 55 1010000100101
77 123 1010000100100
107 178 1010000100111
137 39 1010000100110
33 66 1010000100001
106 113 1010000100000
158 150 1010000100011
127 129 1010000100010
130 128 1010000101101
128 147 1010000101100
186 220 1010000101111
145 133 1010000101110
124 107 1010000101001
72 37 1010000101000
61 63 11110011000
70 31 1010000101011
84 139 1010000101010
143 46 1010011010101
38 82 1010011010100
136 134 1010011010111
140 159 001100111111
193 186 1010011010110
204 203 1010011010001
68 98 1010011010000
162 145 0010001010
104 82 1010011010011
94 92 1010011010010
92 101 1010011011101
63 81 1010011011100
87 73 1010011011111
153 77 1010011011110
37 61 1010011011001
68 34 1010011011000
28 59 1010011011011
42 100 1010011011010
75 11 1010011000101
26 86 1010011000100
182 128 1010011000111
54 36 1010011000110
32 49 1010011000001
90 71 1010011000000
121 129 1010011000011
133 136 001100111110
152 156 001100111001
155 149 1010011000010
141 136 1010011001101
175 198 1010011001100
107 72 1010011001111
49 44 1010011001110
58 65 001100111000
70 46 1010011001001
55 133 1010011001000
146 63 1010011001011
62 108 1010011001010
159 149 001100111011
130 140 1010011110101
156 175 1010011110100
199 196 001100111010
82 75 1010011110111
74 75 1010011110110
63 53 001100100101
72 102 1010011110001
101 80 1010011110000
93 92 001100100100
77 68 001100100111
82 91 1010011110011
62 79 1010011110010
86 76 1010011111101
102 86 001100100110
133 90 1010011111100
52 48 1010011111111
70 81 1010011111110
71 58 1010011111001
67 91 1010011111000
135 187 1010011111011
137 100 1010011111010
47 42 11110011011
40 55 1010011100101
95 77 001100100001
122 129 001100100000
132 135 1010011100100
155 151 1010011100111
145 140 1010011100110
117 113 1010011100001
105 100 1010011100000
153 174 1010011100011
136 125 1010011100010
99 65 001100100011
46 45 001100100010
59 65 001100101101
54 129 1010011101101
145 68 1010011101100
69 112 1010011101111
149 156 1010011101110
156 147 1010011101001
130 141 1010011101000
158 177 1010011101011
192 199 001100101100
199 197 1010011101010
206 206 0010111111
79 72 1010010010101
74 76 001100101111
66 58 1010010010100
78 109 1010010010111
98 78 1010010010110
92 92 1010010010001
107 117 1010010010000
79 69 1010010010011
74 82 1010010010010
64 76 001100101110
102 96 1010010011101
78 45 1010010011100
76 28 1010010011111
93 67 1010010011110
84 119 1010010011001
111 100 1010010011000
135 180 1010010011011
40 51 1010010011010
100 85 1010010000101
107 114 001100101001
131 133 001100101000
152 155 11110011010
131 128 001100101011
127 142 1010010000100
162 177 1010010000111
85 55 1010010000110
44 47 1010010000001
61 64 1010010000000
51 121 1010010000011
143 76 1010010000010
82 119 1010010001101
153 145 1010010001100
130 142 1010010001111
161 181 1010010001110
75 70 1010010001001
83 115 001100101010
95 76 1010010001000
92 93 1010010001011
80 70 1010010001010
70 73 1010010110101
75 79 1010010110100
90 116 1010010110111
106 68 1010010110110
68 96 1010010110001
79 28 1010010110000
90 81 001111010101
124 155 1010010110011
125 112 1010010110010
133 137 001111010100
102 92 1010010111101
108 115 1010010111100
130 131 11110000101
134 137 11110000100
147 150 1010010111111
168 176 1010010111110
184 189 1010010111001
133 105 1010010111000
70 45 001111010111
43 51 001111010110
64 63 001111010001
70 52 001111010000
48 112 1010010111011
140 87 1010010111010
98 127 001111010011
149 144 1010010100101
130 144 1010010100100
166 185 1010010100111
196 201 1010010100110
72 67 1010010100001
69 64 001111010010
94 76 001111011101
109 119 001111011100
80 69 1010010100000
90 80 001111011111
69 78 11110000111
79 87 1010010100011
84 113 1010010100010
124 104 1010010101101
85 82 1010010101100
71 53 1010010101111
78 118 1010010101110
169 156 1010010101001
110 117 1010010101000
121 77 1010010101011
47 63 001111011110
122 128 1010010101010
143 144 11001000111
143 152 1011101010101
167 181 1011101010100
190 191 1011101010111
186 181 1011101010110
123 89 1011101010001
55 41 1011101010000
46 55 001111011001
66 63 1011101010011
71 55 001111011000
45 101 1011101010010
137 99 1011101011101
114 134 1011101011100
171 190 1011101011111
203 205 1011101011110
208 208 11001000110
68 74 001111011011
68 64 1011101011001
94 77 1011101011000
94 96 1011101011011
110 118 1011101011010
78 66 1011101000101
100 76 1011101000100
77 62 1011101000111
66 84 1011101000110
97 72 1011101000001
78 98 1011101000000
96 153 1011101000011
181 137 1011101000010
96 107 1011101001101
95 41 1011101001100
51 64 1011101001111
146 156 1011101001110
172 189 1011101001001
184 174 1011101001000
138 132 1011101001011
109 72 1011101001010
45 42 1011101110101
52 60 1011101110100
69 62 1011101110111
71 57 1011101110110
42 91 1011101110001
126 138 1011101110000
150 146 1011101110011
129 149 1011101110010
175 194 1011101111101
209 209 0010111110
67 62 1011101111100
66 72 1011101111111
66 62 1011101111110
84 117 1011101111001
95 97 11001000001
111 117 11110000110
75 62 001111011010
70 53 1011101111000
67 96 1011101111011
73 84 1011101111010
83 90 1011101100101
107 115 1011101100100
97 81 1011101100111
105 146 1011101100110
154 119 1011101100001
60 45 1011101100000
47 54 001111000101
50 64 1011101100011
102 109 1011101100010
119 125 1011101101101
136 139 1011101101100
134 131 001111000100
174 171 1011101101111
134 124 1011101101110
95 57 1011101101001
38 46 1011101101000
71 59 001111000111
40 84 1011101101011
135 141 1011101101010
179 198 001111000110
206 209 001111000001
66 61 1011100010101
65 71 001111000000
64 60 1011100010100
74 60 001111000011
95 54 1011100010111
63 47 1011100010110
69 106 1011100010001
79 90 1011100010000
132 176 1011100010011
199 170 1011100010010
121 110 1011100011101
116 69 1011100011100
35 64 1011100011111
102 98 1011100011110
117 125 1011100011001
137 141 1011100011000
138 135 1011100011011
131 119 1011100011010
86 48 1011100000101
35 49 1011100000100
64 67 001111000010
72 61 1011100000111
38 80 1011100000110
130 124 1011100000001
129 151 11110000001
180 199 1011100000000
207 210 1011100000011
55 58 1011100000010
58 54 0001101111
55 69 1011100001101
164 150 0010111001
112 99 1011100001100
90 109 1011100001111
123 91 1011100001110
68 88 1011100001001
76 64 1011100001000
66 109 1011100001011
105 91 1011100001010
95 127 1011100110101
136 170 1011100110100
168 145 1011100110111
82 44 1011100110110
33 45 1011100110001
45 48 1011100110000
52 58 1011100110011
76 78 1011100110010
116 124 001111001101
131 136 1011100111101
140 132 1011100111100
122 114 1011100111111
112 112 11110000000
112 122 1011100111110
121 86 1011100111001
80 80 1011100111000
64 65 11110000011
139 137 0001101000
124 161 1011100111011
198 212 001111001100
211 210 001111001111
209 207 001111001110
210 212 1011100111010
214 213 1011100100101
55 57 001111001001
57 54 11001000000
56 70 1011100100100
94 114 001111001000
122 93 1011100100111
54 49 001111001011
79 70 1011100100110
77 114 1011100100001
103 90 1011100100000
108 130 1011100100011
135 169 1011100100010
149 139 1011100101101
116 86 1011100101100
47 41 1011100101111
53 58 001111001010
64 69 1011100101110
73 75 1011100101001
80 93 1011100101000
144 137 1011100101011
128 121 1011100101010
145 150 1011111010101
158 163 001111110101
151 147 1011111010100
102 73 1011111010111
48 43 001111110100
138 136 1011111010110
124 162 1011111010001
200 213 1011111010000
211 209 001111110111
213 213 1011111010011
213 212 1011111010010
57 72 1011111011101
96 114 1011111011100
100 90 1011111011111
95 113 001111110110
111 87 1011111011110
81 98 1011111011001
78 74 1011111011000
90 121 1011111011011
81 80 1011111011010
114 129 1011111000101
135 174 1011111000100
142 137 001111110001
104 61 1011111000111
48 61 1011111000110
58 37 1011111000001
54 58 1011111000000
62 65 1011111000011
68 70 001111110000
100 112 1011111000010
126 132 1011111001101
157 153 1011111001100
139 127 1011111001111
76 57 1011111001110
82 82 1011111001001
65 66 1011111001000
50 65 001111110011
137 135 001111110010
125 164 1011111001011
203 215 1011111001010
216 214 001111111101
210 207 1011111110101
205 203 1011111110100
58 75 1011111110111
98 115 1011111110110
92 108 11110000010
77 86 1011111110001
48 52 1011111110000
72 69 001111111100
82 84 1011111110011
117 110 11110001101
102 119 1011111110010
136 185 1011111111101
89 54 1011111111100
47 58 1011111111111
56 41 1011111111110
52 53 11001000011
63 64 1011111111001
60 74 1011111111000
91 103 1011111111011
109 115 1011111111010
124 131 1011111100101
116 97 1011111100100
83 84 1011111100111
67 68 001111111111
51 67 1011111100110
137 152 1011111100001
142 139 001111111110
126 167 1011111100000
206 218 1011111100011
211 208 1011111100010
210 211 11001000010
60 78 1011111101101
92 105 11110001100
79 66 1011111101100
76 73 001111111001
99 127 1011111101111
101 120 1011111101110
101 94 1011111101001
114 96 1011111101000
85 106 1011111101011
131 187 1011111101010
139 99 1011110010101
53 54 11001001101
60 60 1011110010100
58 69 1011110010111
83 93 1011110010110
119 128 001111111000
156 143 1011110010001
113 87 1011110010000
47 56 1011110010011
85 85 001111111011
69 70 1011110010010
139 154 1011110011101
128 170 1011110011100
212 207 1011110011111
61 81 1011110011110
101 73 1011110011001
73 69 1011110011000
82 65 1011110011011
88 117 1011110011010
115 95 1011110000101
86 103 1011110000100
119 165 1011110000111
101 62 1011110000110
39 49 1011110000001
56 47 001111111010
56 57 1011110000000
58 58 1011110000011
58 66 001111100101
74 80 1011110000010
84 94 1011110001101
110 122 001111100100
142 144 11001001100
173 168 1011110001100
160 136 1011110001111
97 67 1011110001110
53 60 1011110001001
58 49 001111100111
87 87 1011110001000
70 71 1011110001011
54 70 1011110001010
140 136 1011110110101
132 129 1011110110100
129 172 1011110110111
214 223 1011110110110
212 206 001111100110
210 215 001111100001
211 212 11001001111
212 211 1011110110001
52 47 1011110110000
62 83 1011110110011
100 64 1011110110010
84 100 1011110111101
67 72 1011110111100
88 58 1011110111111
56 64 1011110111110
68 100 1011110111001
123 108 1011110111000
125 115 1011110111011
101 124 1011110111010
64 51 1011110100101
41 45 1011110100100
57 58 001111100000
65 65 001111100011
148 117 1011110100111
57 49 1011110100110
54 65 001111100010
71 72 1011110100001
55 71 1011110100000
142 157 001111101101
139 135 1011110100011
130 174 1011110100010
217 225 1011110101101
213 206 001111101100
211 217 1011110101100
205 197 1011110101111
188 183 1011110101110
51 46 1011110101001
63 85 1011110101000
105 117 1011110101011
93 52 1011110101010
73 91 1011001010101
61 71 1011001010100
89 52 1011001010111
58 68 1011001010110
106 106 001111101111
51 83 1011001010001
57 45 1011001010000
59 38 1011001010011
51 52 00001000111
58 55 1011001010010
89 105 001111101110
164 163 1011001011101
76 48 1011001011100
57 61 001111101001
56 51 1011001011111
59 74 1011001011110
88 89 1011001011001
72 73 1011001011000
130 176 1011001011011
219 226 1011001011010
211 218 1011001000101
209 204 1011001000100
193 179 1011001000111
37 38 1011001000110
41 46 11110001111
57 76 001111101000
141 162 1011001000001
174 170 1011001000000
161 141 1011001000011
76 86 001111101011
100 83 1011001000010
27 58 1011001001101
74 132 1011001001100
93 58 1011001001111
124 145 1011001001110
139 116 1011001001001
56 40 1011001001000
41 71 1011001001011
53 77 1011001001010
36 62 1011001110101
47 48 1011001110100
48 49 001111101010
62 54 001110010101
54 63 1011001110111
64 58 001110010100
64 78 1011001110110
95 100 1011001110001
108 119 1011001110000
165 161 1011001110011
137 106 1011001110010
67 38 1011001111101
41 48 1011001111100
49 71 1011001111111
95 81 1011001111110
72 82 1011001111001
61 82 001110010111
140 145 001110010110
150 152 11001001110
144 139 1011001111000
129 113 1011001111011
141 190 1011001111010
222 212 1011001100101
199 207 001110010001
214 209 1011001100100
208 187 1011001100111
145 97 1011001100110
60 41 1011001100001
41 42 1011001100000
50 68 1011001100011
91 108 1011001100010
138 159 1011001101101
172 170 1011001101100
170 175 11010000001
163 143 1011001101111
108 89 1011001101110
42 54 1011001101001
74 117 1011001101000
104 81 1011001101011
81 105 1011001101010
118 129 1011000010101
123 106 1011000010100
106 60 1011000010111
61 53 1011000010110
69 69 1011000010001
57 52 1011000010000
95 110 1011000010011
124 132 1011000010010
160 164 1011000011101
118 97 1011000011100
68 51 1011000011111
59 68 1011000011110
73 83 1011000011001
149 193 1011000011000
221 210 1011000011011
214 207 1011000011010
198 184 1011000000101
157 121 1011000000100
86 61 1011000000111
49 45 1011000000110
63 57 1011000000001
48 41 001110010000
44 58 1011000000000
135 156 1011000000011
170 176 11110001110
165 145 1011000000010
129 109 1011000001101
97 78 1011000001100
54 57 1011000001111
62 45 1011000001110
50 56 1011000001001
66 53 001110010011
76 93 1011000001000
113 106 1011000001011
124 118 1011000001010
111 112 1011000110101
158 85 1011000110100
81 38 1011000110111
78 60 1011000110110
59 76 1011000110001
92 104 1011000110000
119 133 1011000110011
135 140 1011000110010
159 174 1011000111101
175 165 1011000111100
122 95 1011000111111
65 48 001110010010
62 78 1011000111110
97 84 1011000111001
75 85 001110011101
62 82 1011000111000
152 147 1011000111011
121 107 1011000111010
159 196 1011000100101
199 211 1011000100100
214 202 1011000100111
200 165 1011000100110
112 67 1011000100001
62 73 1011000100000
91 82 1011000100011
68 54 1011000100010
68 80 1011000101101
131 153 001110011100
167 167 1011000101100
170 177 001110011111
167 147 1011000101111
114 97 1011000101110
88 68 1011000101001
39 43 1011000101000
63 63 1011000101011
44 57 1011000101010
80 71 1011011010101
111 114 001110011110
165 99 1011011010100
85 48 1011011010111
67 58 1011011010110
51 61 1011011010001
58 71 1011011010000
132 136 1011011010011
154 172 1011011010010
178 168 1011011011101
140 94 1011011011100
49 34 1011011011111
53 80 1011011011110
96 83 1011011011001
74 85 11110001001
62 81 1011011011000
150 145 1011011011011
107 108 1011011011010
110 96 1011011000101
166 196 1011011000100
211 202 1011011000111
201 214 1011011000110
209 190 1011011000001
171 135 1011011000000
86 53 1011011000011
49 65 1011011000010
84 96 1011011001101
96 79 1011011001100
61 65 1011011001111
166 166 1011011001110
116 102 1011011001001
97 74 1011011001000
36 38 001110011001
74 94 1011011001011
45 62 1011011001010
101 72 1011011110101
82 60 1011011110100
96 104 1011011110111
95 94 1011011110110
102 115 1011011110001
133 100 1011011110000
81 76 1011011110011
49 62 1011011110010
37 70 1011011111101
54 54 001110011000
57 66 001110011011
84 104 1011011111100
127 131 1011011111111
154 168 1011011111110
182 192 1011011111001
205 209 001110011010
197 158 1011011111000
108 69 1011011111011
53 50 001110000101
91 79 1011011111010
72 84 1011011100101
61 79 1011011100100
138 133 1011011100111
101 107 1011011100110
100 87 1011011100001
171 195 1011011100000
206 200 1011011100011
204 213 1011011100010
196 164 1011011101101
105 86 1011011101100
65 59 11110001000
68 81 1011011101111
87 86 1011011101110
123 109 1011011101001
166 165 11110001011
169 175 001110000100
166 146 1011011101000
140 112 1011011101011
94 69 1011011101010
33 36 1011010010101
71 90 1011010010100
92 79 001110000111
78 87 1011010010111
98 88 1011010010110
79 82 001110000110
99 119 1011010010001
103 95 1011010010000
88 100 001110000001
50 66 1011010010011
32 76 1011010010010
61 61 1011010011101
60 65 1011010011100
85 110 1011010011111
177 183 001110000000
200 203 001110000011
204 199 1011010011110
185 147 1011010011001
85 34 1011010011000
84 73 1011010011011
67 81 001110000010
102 89 001110001101
206 201 1011010011010
171 125 1011010000101
90 95 001110001100
87 77 1011010000100
115 89 1011010000111
65 52 1011010000110
168 174 11110001010
164 144 1011010000001
173 113 1011010000000
36 45 1011010000011
66 73 1011010000010
62 68 001110001111
65 76 1011010001101
131 143 1011010001100
100 91 1011010001111
77 65 1011010001110
55 55 1011010001001
70 70 1011010001000
84 111 1011010001011
122 117 1011010001010
164 170 1011010110101
182 184 001110001110
189 192 1011010110100
197 207 1011010110111
217 199 1011010110110
144 90 1011010110001
76 66 1011010110000
114 101 1011010110011
189 205 1011010110010
210 204 1011010111101
205 195 1011010111100
142 81 1011010111111
68 71 1011010111110
79 91 001110001001
94 85 1011010111001
123 135 1011010111000
130 100 1011010111011
167 173 1011010111010
162 142 1011010100101
202 114 1011010100100
47 36 1011010100111
48 66 1011010100110
66 42 1011010100001
75 76 1011010100000
51 75 1011010100011
60 73 1011010100010
63 67 1011010101101
75 84 1011010101100
112 91 1011010101111
134 102 1011010101110
105 62 1011010101001
79 78 1011010101000
69 65 1011010101011
81 106 1011010101010
136 136 000111110
180 183 1000101010101
185 196 1000101010100
202 201 1000101010111
59 75 1000101010110
56 76 1000101010001
125 118 1000101010000
123 130 1000101010011
125 114 1000101010010
215 207 1000101011101
205 186 1000101011100
121 52 1000101011111
56 89 1000101011110
135 165 1000101011001
161 125 001110001000
76 42 1000101011000
122 152 0010111000
176 176 0010111011
166 150 0010111010
134 86 001110001011
45 41 11110110101
93 47 1000101011011
92 75 1000101011010
65 70 1000101000101
79 89 1000101000100
106 125 1000101000111
123 100 1000101000110
85 122 1000101000001
139 65 1000101000000
27 85 1000101000011
61 57 11110110100
74 106 1000101000010
92 58 1000101001101
72 107 1000101001100
133 133 001110001010
187 190 001110110101
206 210 001110110100
212 213 11110110111
133 76 1000101001111
48 31 1000101001110
59 108 1000101001001
132 130 1000101001000
208 214 001110110111
191 141 1000101001011
95 73 1000101001010
87 94 1000101110101
44 78 1000101110100
127 163 1000101110111
164 129 1000101110110
80 44 1000101110001
96 49 1000101110000
56 52 001110110110
58 61 001110110001
84 68 1000101110011
134 109 1000101110010
73 103 1000101111101
136 64 1000101111100
13 68 1000101111111
55 46 1000101111110
45 54 1000101111001
59 55 1000101111000
77 108 1000101111011
93 59 1000101111010
73 109 1000101100101
165 96 1000101100100
50 24 1000101100111
60 120 1000101100110
132 152 1000101100001
131 142 1000101100000
157 168 1000101100011
212 209 1000101100010
178 129 1000101101101
91 96 001110110000
29 64 1000101101100
117 160 1000101101111
167 135 1000101101110
83 45 1000101101001
135 88 001110110011
50 55 1000101101000
45 55 1000101101011
102 53 1000101101010
69 95 1000100010101
95 78 1000100010100
92 128 1000100010111
142 116 1000100010110
56 73 1000100010001
129 71 1000100010000
16 75 1000100010011
54 46 1000100010010
83 112 1000100011101
95 60 1000100011100
75 111 1000100011111
141 141 001110110010
207 129 1000100011110
62 17 1000100011001
57 132 1000100011000
136 131 1000100011011
179 192 1000100011010
207 214 1000100000101
216 198 1000100000100
156 110 1000100000111
89 88 001110111101
98 102 1000100000110
20 54 1000100000001
109 156 1000100000000
170 139 1000100000011
84 40 1000100000010
50 62 1000100001101
108 56 1000100001100
71 104 1000100001111
99 74 1000100001110
88 130 1000100001001
139 122 1000100001000
128 82 1000100001011
34 98 1000100001010
51 58 001110111100
91 117 1000100110101
97 61 1000100110100
78 114 1000100110111
163 168 1000100110110
193 199 1000100110001
204 208 1000100110000
233 164 1000100110011
89 18 1000100110010
48 133 1000100111101
132 128 1000100111100
127 137 1000100111111
157 181 1000100111110
210 218 1000100111001
215 183 1000100111000
132 94 1000100111011
87 96 1000100111010
104 103 001110111111
100 103 1000100100101
18 50 1000100100100
102 153 1000100100111
171 142 1000100100110
82 35 1000100100001
133 86 1000100100000
59 67 1000100100011
110 57 1000100100010
71 101 1000100101101
95 74 1000100101100
91 131 1000100101111
139 87 1000100101110
39 87 1000100101001
62 53 1000100101000
99 62 1000100101011
80 117 1000100101010
161 166 1000111010101
192 198 1000111010100
234 193 1000111010111
126 30 1000111010110
37 126 1000111010001
130 150 1000111010000
178 200 1000111010011
213 218 1000111010010
206 164 1000111011101
19 47 1000111011100
97 149 1000111011111
171 145 1000111011110
84 33 1000111011001
130 84 1000111011000
105 53 1000111011011
84 79 1000111011010
100 132 1000111000101
128 131 1000111000100
124 135 1000111000111
138 83 1000111000110
73 62 001110111110
64 81 1000111000001
107 128 1000111000000
83 120 1000111000011
168 171 1000111000010
191 197 001110111001
209 210 1000111001101
219 213 1000111001100
163 49 1000111001111
36 124 1000111001110
151 144 1000111001001
133 159 1000111001000
192 212 1000111001011
213 207 1000111001010
215 213 001110111000
190 144 1000111110101
102 87 1000111110100
93 102 1000111110111
18 43 1000111110110
91 144 1000111110001
172 149 1000111110000
89 38 1000111110011
126 81 1000111110010
63 60 1000111111101
95 47 1000111111100
58 53 1000111111111
50 43 1000111111110
70 85 1000111111001
112 133 1000111111000
126 107 1000111111011
110 123 1000111111010
65 64 1000111100101
73 95 1000111100100
113 131 1000111100111
103 65 001110111011
84 123 1000111100110
167 169 001110111010
202 206 001110100101
205 224 1000111100001
190 68 1000111100000
45 132 1000111100011
156 141 1000111100010
133 161 1000111101101
196 216 1000111101100
213 203 1000111101111
172 127 1000111101110
17 40 1000111101001
86 142 1000111101000
173 153 1000111101011
95 44 1000111101010
123 79 1000110010101
60 54 1000110010100
87 43 1000110010111
53 43 1000110010110
49 63 1000110010001
65 55 001110100100
120 133 1000110010000
125 78 1000110010011
104 102 1000110010010
92 77 1000110011101
78 103 1000110011100
117 134 1000110011111
85 124 1000110011110
134 132 1000110011001
198 229 1000110011000
203 80 1000110011011
54 141 1000110011010
160 137 1000110000101
132 159 1000110000100
195 216 1000110000111
213 201 1000110000110
218 201 1000110000001
161 117 1000110000000
103 97 1000110000011
91 83 1000110000010
30 30 1000110001101
65 133 1000110001100
179 161 1000110001111
100 50 1000110001110
110 143 1000110001001
165 148 001110100111
121 74 1000110001000
50 47 0010100111
47 57 1000110001011
66 70 1000110001010
72 83 1000110110101
60 42 1000110110100
49 66 1000110110111
72 65 001110100110
53 71 1000110110110
94 111 1000110110001
95 82 1000110110000
103 138 1000110110011
146 132 1000110110010
154 157 1000110111101
220 171 1000110111100
108 127 1000110111111
162 139 1000110111110
134 167 1000110111001
203 172 1000110111000
105 97 1000110111011
86 92 1000110111010
91 88 001110100001
36 33 1000110100101
62 126 1000110100100
174 162 1000110100111
106 59 1000110100110
109 143 1000110100001
129 78 1000110100000
44 56 001110100000
67 69 1000110100011
102 123 1000110100010
58 77 1000110101101
88 86 001110100011
109 137 1000110101100
143 133 1000110101111
141 143 001110100010
146 149 001110101101
153 156 11110110110
221 183 1000110101110
145 129 1000110101001
140 156 1000110101000
168 178 1000110101011
194 210 1000110101010
203 168 1000001010101
130 110 1000001010100
86 91 001110101100
88 91 1000001010111
40 35 1000001010110
58 117 1000001010001
168 164 1000001010000
114 67 1000001010011
108 142 1000001010010
166 149 1000001011101
133 81 1000001011100
39 39 1000001011111
67 70 001110101111
85 99 1000001011110
101 105 1000001011001
87 61 1000001011000
66 88 000010001101
111 125 1000001011011
120 95 1000001011010
120 135 1000001000101
179 186 1000001000100
220 199 1000001000111
143 115 1000001000110
118 113 1000001000001
130 134 1000001000000
141 138 1000001000011
137 144 1000001000010
142 163 1000001001101
196 220 1000001001100
199 159 1000001001111
117 99 1000001001110
96 96 1000001001001
92 88 1000001001000
37 33 1000001001011
55 112 1000001001010
165 168 1000001110101
118 67 1000001110100
107 141 1000001110111
169 174 1000001110110
167 150 1000001110001
124 84 1000001110000
48 57 1000001110011
80 74 1000001110010
76 81 001110101110
91 97 1000001111101
84 60 1000001111100
45 44 1000001111111
46 57 1000001111110
77 99 1000001111001
118 128 1000001111000
109 83 1000001111011
133 138 1000001111010
190 196 1000001100101
217 209 1000001100100
164 110 1000001100111
100 105 1000001100110
129 135 1000001100001
143 154 1000001100000
147 127 1000001100011
130 167 1000001100010
206 223 1000001101101
186 144 1000001101100
101 87 1000001101111
91 91 1000001101110
86 82 001110101001
94 88 1000001101001
81 78 1000001101000
35 34 1000001101011
56 111 1000001101010
167 174 000010001100
121 64 1000000010101
106 140 1000000010100
168 151 1000000010111
107 84 1000000010110
46 50 1000000010001
104 97 1000000010000
79 74 1000000010011
67 50 1000000010010
40 41 1000000011101
38 40 001110101000
89 108 1000000011100
118 121 1000000011111
83 113 1000000011110
175 181 001110101011
180 111 1000000011001
75 86 1000000011000
98 107 1000000011011
138 187 1000000011010
161 122 1000000000101
85 77 1000000000100
85 88 1000000000111
95 88 1000000000110
77 70 1000000000001
60 112 1000000000000
170 181 1000000000011
128 66 1000000000010
169 152 1000000001101
66 50 001110101010
47 47 1000000001100
58 85 1000000001111
112 116 1000000001110
97 75 1000000001001
90 74 110001010101
51 41 1000000001000
38 42 1000000001011
37 43 1000000001010
58 80 1000000110101
101 112 1000000110100
99 122 1000000110111
172 179 1000000110110
194 123 1000000110001
72 75 1000000110000
108 148 1000000110011
160 141 1000000110010
156 204 1000000111101
218 192 1000000111100
128 98 1000000111111
71 71 1000000111110
82 88 1000000111001
97 88 1000000111000
67 112 1000000111011
170 188 1000000111010
139 77 1000000100101
104 139 1000000100100
170 153 110001010100
94 83 1000000100111
45 47 1000000100110
86 106 1000000100001
102 80 1000000100000
40 48 1000000100011
67 92 1000000100010
117 128 1000000101101
163 166 1000000101100
184 190 1000000101111
199 213 1000000101110
209 211 1000000101001
204 140 1000000101000
96 92 1000000101011
85 76 1000000101010
68 60 1000011010101
73 142 1000011010100
179 163 1000011010111
170 209 1000011010110
207 167 1000011010001
81 88 110001010111
92 97 110001010110
98 87 110001010001
70 57 1000011010000
71 111 1000011010011
170 192 1000011010010
148 88 1000011011101
98 84 1000011011100
63 50 1000011011111
38 39 1000011011110
53 81 1000011011001
114 137 1000011011000
111 85 1000011011011
60 50 110001010000
73 99 1000011011010
50 93 1000011000101
183 189 1000011000100
197 218 1000011000111
212 210 1000011000110
210 153 1000011000001
100 110 1000011000000
95 86 1000011000011
48 139 1000011000010
177 206 1000011001101
196 150 1000011001100
77 63 1000011001111
56 67 110001010011
80 88 1000011001110
91 98 1000011001001
69 53 110001010010
75 89 1000011001000
106 129 1000011001011
161 176 1000011001010
148 106 1000011110101
178 181 1000011110100
171 154 1000011110111
97 80 1000011110110
58 44 1000011110001
42 46 1000011110000
48 47 1000011110011
49 76 1000011110010
67 46 1000011111101
39 73 1000011111100
66 56 1000011111111
74 72 1000011111110
76 117 1000011111001
57 39 1000011111000
33 37 1000011111011
52 71 1000011111010
95 109 1000011100101
104 85 1000011100100
63 49 110001011101
161 168 1000011100111
175 182 1000011100110
206 202 1000011100001
206 216 1000011100000
213 178 1000011100011
120 75 1000011100010
107 105 1000011101101
100 94 1000011101100
87 79 1000011101111
69 129 1000011101110
189 210 1000011101001
201 171 1000011101000
117 67 1000011101011
59 60 1000011101010
85 72 1000010010101
74 89 1000010010100
93 75 1000010010111
65 61 1000010010110
75 88 1000010010001
104 128 1000010010000
162 180 1000010010011
154 113 1000010010010
106 139 1000010011101
167 175 1000010011100
172 153 1000010011111
91 75 110001011100
55 43 1000010011110
41 70 110001011111
67 57 1000010011001
76 52 1000010011000
65 57 1000010011011
79 115 1000010011010
89 74 1000010000101
69 74 110001011110
79 81 1000010000100
206 213 1000010000111
216 193 1000010000110
135 81 1000010000001
79 75 1000010000000
82 142 1000010000011
160 125 1000010000010
88 59 1000010001101
60 66 1000010001100
77 90 1000010001111
78 67 1000010001110
81 93 110001011001
64 61 1000010001001
67 78 1000010001000
92 117 1000010001011
157 180 1000010001010
158 119 1000010110101
104 137 1000010110100
165 174 1000010110111
180 185 1000010110110
173 152 1000010110001
82 68 1000010110000
37 64 1000010110011
67 64 1000010110010
88 66 1000010111101
45 65 1000010111100
63 58 1000010111111
71 75 1000010111110
83 111 1000010111001
87 70 1000010111000
51 42 1000010111011
41 36 1000010111010
75 73 1000010100101
70 68 1000010100100
73 87 1000010100111
107 121 1000010100110
160 167 1000010100001
173 179 1000010100000
218 212 1000010100011
155 88 1000010100010
90 88 1000010101101
92 143 1000010101100
178 158 1000010101111
112 80 1000010101110
68 63 1000010101001
67 77 1000010101000
90 96 1000010101011
92 82 1000010101010
71 65 1001101010101
94 100 1001101010100
105 99 1001101010111
84 69 1001101010110
61 59 1001101010001
75 102 1001101010000
147 178 1001101010011
103 134 1001101010010
163 173 1001101011101
172 150 1001101011100
72 60 1001101011111
43 66 1001101011110
98 86 1001101011001
54 62 1001101011000
86 102 1001101011011
89 69 1001101011010
172 177 1001101000101
186 203 1001101000100
205 200 1001101000111
216 222 1001101000110
169 96 1001101000001
96 124 1001101000000
79 88 1001101000011
82 73 1001101000010
71 74 1001101001101
110 109 1001101001100
104 92 1001101001111
56 55 1001101001110
63 93 1001101001001
144 183 1001101001000
173 139 1001101001011
104 134 1001101001010
161 173 11010000000
183 187 110001011000
170 145 1001101110101
67 61 1001101110100
64 74 1001101110111
93 72 1001101110110
47 35 1001101110001
39 51 1001101110000
185 201 1001101110011
212 222 1001101110010
176 109 1001101111101
107 110 110001011011
101 92 1001101111100
96 85 1001101111111
121 114 1001101111110
99 82 1001101111001
60 91 1001101111000
149 195 1001101111011
190 160 1001101111010
106 134 1001101100101
167 139 1001101100100
46 46 1001101100111
54 59 1001101100110
59 56 1001101100001
67 83 1001101100000
82 64 1001101100011
60 71 1001101100010
84 74 1001101101101
53 40 1001101101100
41 55 1001101101111
71 82 1001101101110
112 117 1001101101001
124 127 1001101101000
168 173 1001101101011
185 197 1001101101010
210 217 1001100010101
182 133 1001100010100
118 106 1001100010111
99 86 1001100010110
94 94 1001100010001
89 77 1001100010000
88 69 1001100010011
56 88 1001100010010
151 203 1001100011101
202 173 1001100011100
109 136 1001100011111
164 133 1001100011110
61 54 1001100011001
69 88 1001100011000
81 60 1001100011011
49 61 1001100011010
81 97 1001100000101
118 122 1001100000100
119 108 1001100000111
95 87 1001100000110
81 75 1001100000001
103 118 1001100000000
110 95 1001100000011
50 83 1001100000010
148 203 1001100001101
205 177 1001100001100
111 137 1001100001111
161 130 1001100001110
60 64 1001100001001
65 67 1001100001000
72 59 1001100001011
105 71 1001100001010
73 76 1001100110101
78 51 1001100110100
76 76 110001011010
71 62 1001100110111
57 65 1001100110110
86 104 1001100110001
110 116 1001100110000
166 170 1001100110011
186 186 1001100110010
192 205 1001100111101
199 188 1001100111100
94 103 1001100111111
111 118 1001100111110
104 121 1001100111001
125 101 1001100111000
91 93 1001100111011
101 85 1001100111010
1111011001
