159 00111111
160 1100110
162 1101010
158 0101010
155 0001111
154 0000011
167 00110101
170 10010011
173 00001010
146 0011000
124 0001110
94 1111111
91 1111110
101 0100001
106 00001100
108 01001000
105 1100001
107 00100001
109 01111011
113 1111011
118 1100000
122 1101100
128 0000111
131 0111100
133 0110010
132 0110000
129 0001011
130 0001100
135 1011101
134 1101001
127 0001010
126 0100111
119 1101000
104 0111111
142 0101011
151 0010111
150 0111010
152 0010100
157 0100110
153 111110
156 0010110
195 10011011
212 11100111
215 111011110
216 110101101
177 01100111
120 1001111
121 0111110
123 1001110
175 00100101
145 0001101
96 1010001
100 0110111
114 01010011
125 0110001
110 00010000
139 0100101
184 11110001
211 11001000
218 00001011011
188 000100110
144 0010001
140 0101000
161 1110010
171 00110100
164 1101111
143 0011110
90 00100100
103 1011011
102 1000100
115 1101110
147 1000110
199 10111101
210 10111000
111 00101011
80 11110000
56 1100101
163 1010000
168 10000101
141 0101111
95 1110110
87 00001001
149 0100000
179 11100010
209 10000100
219 0101100101
193 10000011
117 00000101
73 10010010
47 0110110
39 000010001
165 00000001
137 0111001
148 0011101
217 0000101100
214 000100011
169 01010010
116 1100011
67 10000111
42 00000100
45 1010011
166 10001111
88 10000110
99 0110100
208 01001001
223 111011111010
203 001010101
43 1110101
48 0101110
49 0100011
44 1011111
221 1011000010
180 11110011
136 1011001
70 01111010
46 0011100
54 1010110
92 10100101
86 11000101
205 01110001
220 00001011010
60 10110101
38 001101101
50 0010011
138 0101101
183 11010111
207 11100001
112 00000000
57 1110100
52 1001100
51 0011001
53 1010100
227 0101100100001
61 10000010
85 00100000
226 010110010001
206 01000101
62 11101110
40 10110100
41 10001110
201 10101011
182 11100110
63 11001111
178 01100110
186 000100111
174 00010010
59 01000100
83 10010001
172 1101101
181 10010000
176 00110111
187 001010100
197 000010000
224 11101111100
225 0101100100000
198 10111100
81 10010101
97 1000000
189 000100010
192 000000100
194 10001011
222 101100000000
98 0110101
202 10110001
232 10110000000111
191 000010111
36 100010101
55 00000011
84 10100100
74 01110000
89 10010100
93 1111010
190 11001110
229 1011000000010
76 10010111
37 100010100
82 10010110
185 010110011
200 11001001
25 10110000000110
72 11000100
79 11100000
196 01110111
66 01011000
213 000000101
71 001101100
69 11100011
75 10101010
204 10111001
64 01110110
35 110101100
58 00001101
65 10101111
78 10011010
77 10101110
228 11101111101101
30 10110000001
31 01011001001
233 11101111101100
68 11110010
34 1011000001
32 10110000111
29 101100001101
230 1011000011001
33 1110111111
28 1011000011000
27 1110111110111
00111110
