159 160 01110010000111
162 158 11100110001
155 155 0000101111
154 155 0001111100
154 160 11100110000
167 170 1110011011
173 167 011100100000
146 124 0111001000010
94 91 0111001001101
101 106 10010001000
108 105 10010001011
107 108 10010001010
105 107 10010110101
109 113 0111001001100
118 122 011100100011
124 124 0001111111
128 131 11100110011
133 132 1101010011
129 128 0000101110
130 133 11100110010
130 131 0010010100
133 133 00011111010
132 132 00010011001
133 135 00010011000
135 134 1110011010
134 131 011100100010
129 130 110111000
127 133 011100101101
133 130 0111001001111
133 134 00010011011
130 129 110110101
135 132 0111001001110
132 131 1110000101
126 129 011100101100
127 128 1101010010
128 127 1110000100
124 119 011100101111
113 109 011100101110
104 127 0111001001001
142 151 0111001001000
160 159 00010011010
150 150 1101011101
152 155 11100111101
157 154 011100101001
151 151 1101011100
153 154 110101000
150 158 011100101000
159 154 11100111100
156 195 0111001001011
212 215 011100101011
216 177 0111001001010
113 118 11100111111
126 119 0111001110101
119 119 11100111110
120 121 0010010111
123 124 1110000111
121 127 11100111001
128 123 11100111000
113 119 011100101010
146 175 0111001110100
159 159 110101011
160 157 10010110100
152 153 1101011111
153 160 0111001110111
145 122 011111010101
96 91 10010110111
100 104 1110000110
106 104 00010000101
105 106 0111001110110
104 106 11100111011
109 114 10010110110
127 130 1110000001
130 132 00010000100
131 132 00010000111
133 131 011111010100
128 129 0001111110
128 132 10010110001
131 129 1110000000
125 128 1101011110
124 120 11100111010
114 110 10010110000
105 123 011111010111
139 150 0111001110001
159 158 1101011001
151 150 110011011
151 154 10010110011
156 154 0010010110
152 152 0000110101
154 156 1110000011
156 153 11100100101
157 184 0111001110000
211 218 0111001110011
216 188 0111001110010
110 104 0111001111101
119 118 011111010110
121 123 00010000110
120 120 10010110010
123 125 00010000001
144 140 11100100100
157 156 110110100
158 155 011111010001
153 153 110011000
153 161 011111010000
171 164 0111001111100
143 121 11100100111
96 90 011111010011
96 101 10010111101
105 103 011111010010
104 103 10010111100
102 105 11100100110
118 121 00010000000
126 127 1101011000
130 130 0000101101
129 131 11100100001
131 131 1101011011
127 127 0000101100
128 128 110101010
126 126 00010000011
125 127 0001001111
105 115 011111011101
132 147 0111001111111
156 158 1110000010
156 155 001000001
154 153 110110001
153 152 001000000
155 153 0010010001
153 151 0000110100
154 164 011111011100
199 215 0111001111110
216 210 0111001111001
150 100 0111001111000
111 115 11100100000
121 118 11100100011
121 120 10010111111
123 123 1110001101
124 126 1110001100
129 121 0111001111011
80 56 0111001111010
156 163 011111011111
168 168 011111011110
168 161 011111011001
141 120 0111001100101
95 87 011111011000
94 100 11100100010
105 105 011111011011
104 102 10010111110
101 103 00010000010
108 114 00010001101
125 126 0010010000
129 129 0001001110
131 130 10010111001
130 128 10010111000
125 121 0111001100100
115 111 0111001100111
123 142 0111001100110
152 157 011111011010
158 156 0000110111
154 152 00010001100
151 149 0010010011
179 209 0111001100001
219 218 0111001100000
193 124 0111001100011
103 109 011111000101
117 117 0111001100010
122 123 011111000100
124 122 10010111011
127 131 11100101101
121 73 0111001101101
47 39 0111001101100
157 157 110110000
155 154 000111010
161 165 00010001111
167 165 00010001110
164 158 10010111010
141 122 011111000111
94 87 011111000110
94 101 011111000001
107 106 11100101100
104 100 11100101111
132 134 00010001001
132 135 00010001000
132 130 10010100101
127 123 11100101110
118 113 0111001101111
107 104 011111000000
117 137 011111000011
148 155 0111001101110
161 159 00010001011
160 160 1110001111
160 161 10010100100
160 158 1110001110
152 147 0111001101001
160 195 0111001101000
215 217 0111001101011
214 169 0111001101010
105 110 0111000010101
116 117 0111000010100
133 122 0111000010111
67 42 011111000010
45 47 0001111001
154 154 000111001
153 157 11100101001
164 166 011111001101
165 162 10010100111
142 124 0111000010110
95 88 011111001100
95 102 0111000010001
107 105 011111001111
103 99 011111001110
102 104 1110001001
130 134 011111001001
134 132 00010001010
126 125 11100101000
127 124 011111001000
119 115 11100101011
109 104 011111001011
113 131 0111000010000
145 154 0111000010011
161 162 0111000010010
161 160 00010110101
159 157 11100101010
152 149 1110001000
148 171 0111000011101
208 217 0111000011100
223 203 0111000011111
131 104 0111000011110
114 116 11111010101
119 120 011111001010
121 121 1101011010
121 122 10010100110
131 133 011111110101
122 67 0111000011001
43 48 011111110100
49 44 11111010100
157 158 1110001011
157 162 011111110111
166 166 11111010111
162 159 00010110100
143 124 0111000011000
94 88 011111110110
95 101 11111010110
103 102 11111010001
103 104 00010110111
118 120 0010010010
122 124 11111010000
128 126 10010100001
127 126 1110001010
130 127 10010100000
126 128 10010100011
125 125 0001001001
126 124 00010110110
120 116 011111110001
109 105 0111000011011
111 128 0111000011010
144 153 0111000000101
159 163 11111010011
159 156 00010110001
151 152 10010100010
150 149 11111010010
146 149 10010101101
193 210 011111110000
221 219 0111000000100
180 111 0111000000111
106 117 11111011101
117 120 011111110011
122 122 11111011100
125 129 011111110010
136 121 0111000000110
70 42 0111000000001
42 46 011111111101
46 54 10010101100
158 159 00010110000
159 165 11111011111
142 122 11111011110
92 86 011111111100
104 104 11111011001
107 113 00010110011
129 127 011111111111
127 129 1110110101
134 133 10010101111
128 124 00010110010
123 122 011111111110
123 127 10010101110
111 109 0111000000000
111 126 011111111001
143 151 011111111000
155 161 011111111011
162 160 00010111101
156 156 110110111
152 141 011111111010
165 205 0111000000011
217 220 0111000000010
214 144 0111000001101
116 119 0111000001100
119 121 10010101001
126 131 0111000001111
119 60 0111000001110
38 43 0111000001001
47 47 11111011000
47 50 011111100101
159 162 011111100100
165 168 10010101000
165 164 00010111100
158 157 110110110
145 124 0111000001000
90 87 0111000001011
103 105 011111100111
121 124 1101000101
122 127 00010111111
125 132 011111100110
123 120 0111000001010
123 128 10010101011
129 125 11111011011
125 130 011111100001
123 126 11111011010
124 125 0001111000
125 123 1110110100
119 116 011111100000
108 104 011111100011
109 124 11111000101
138 147 011111100010
153 159 011111101101
158 158 0010011101
149 146 11111000100
137 183 0111000110101
207 220 0111000110100
220 205 0111000110111
125 105 011111101100
112 118 011111101111
118 124 10010101010
132 119 0111000110110
57 52 011111101110
51 51 1101000100
52 53 1110110111
51 52 00010111110
158 160 0111000110001
163 165 011111101001
165 166 011111101000
164 164 0111000110000
143 122 0111000110011
91 87 11111000111
102 103 00101010101
101 101 1101000111
101 104 1110110110
108 113 11111000110
126 123 011111101011
122 125 11111000001
126 130 00010111001
129 133 011111101010
130 126 00010111000
129 126 00101010100
125 122 1110110001
124 121 011110010101
111 124 0111000110010
137 145 11111000000
151 156 11111000011
149 147 00101010111
140 158 0111000111101
205 217 011110010100
227 215 0111000111100
167 100 0111000111111
110 113 0111000111110
122 119 0111000111001
112 61 0111000111000
45 45 011110010111
49 51 0001111011
48 49 011110010110
162 161 0010011100
167 166 0111000111011
163 161 11111000010
160 162 00010111011
142 120 0111000111010
91 85 011110010001
92 101 011110010000
99 103 011110010011
106 111 011110010010
116 118 1110110000
119 122 0111000100101
118 119 011110011101
118 116 011110011100
120 126 00101010110
130 124 0111000100100
118 115 1110110011
115 109 0111000100111
111 122 0111000100110
134 141 0111000100001
147 151 11111001101
147 146 110011010
142 139 1101000110
184 214 0111000100000
221 226 0111000100011
206 129 0111000100010
101 109 0111000101101
115 122 0111000101100
129 119 011110011111
62 40 011110011110
41 45 0111000101111
51 49 1101000001
45 46 00101010001
158 163 011110011001
168 164 011110011000
91 101 011110011011
103 103 0111000101110
107 112 00010111010
117 119 11111001100
120 123 0111000101001
130 125 011110011010
125 124 0111000101000
143 143 1101000000
134 122 011110000101
117 122 011110000100
114 109 011110000111
110 120 011110000110
133 140 0111000101011
145 148 1110110010
151 153 00101010000
152 150 00101010011
148 146 1101000011
144 143 110110011
141 139 0010011111
157 201 0111000101010
215 226 0111011010101
219 182 0111011010100
117 63 0111011010111
46 43 011110000001
47 51 011110000000
57 56 011110000011
160 165 11111001111
168 158 0111011010110
146 145 0000110110
149 159 011110000010
161 161 1110111101
163 160 1110111100
92 85 0111011010001
127 125 11111001110
128 125 011110001101
131 136 011110001100
140 142 1110111111
144 151 0111011010000
169 171 011110001111
173 178 1101000010
186 174 0111011010011
120 118 0111011010010
127 135 011110001110
131 124 0111011011101
112 107 0111011011100
108 119 0111011011111
132 140 011110001001
143 145 0010011110
149 151 00010100101
152 151 0000110001
150 147 011110001000
145 144 110011101
142 140 0001001000
140 143 00010100100
144 173 0111011011110
215 219 0111011011001
221 216 011110001011
141 104 0111011011000
118 112 011110001010
59 42 0111011011011
43 42 011110110101
51 53 11111001001
57 54 011110110100
50 48 1101001101
159 161 11111001000
163 167 011110110111
165 148 0111011011010
137 140 11111001011
148 160 00101010010
164 163 00101011101
145 123 0111011000101
90 83 00101011100
90 100 011110110110
102 102 00101011111
101 102 0000110000
132 129 00101011110
127 134 0111011000100
139 144 11111001010
146 147 00101011001
150 159 11111110101
168 172 11111110100
181 182 0111011000111
181 176 0111011000110
177 181 011110110001
183 187 0111011000001
172 129 0111011000000
123 121 0111011000011
122 120 0111011000010
116 114 0111011001101
112 108 0111011001100
109 120 0111011001111
133 141 0111011001110
149 148 1101001100
147 145 1110111110
143 142 110111001
140 139 1110111001
139 146 011110110000
197 216 0111011001001
224 225 0111011001000
198 120 0111011001011
117 59 0111011001010
41 42 00010100111
44 45 0111011110101
53 52 11111110111
53 51 00101011000
48 46 00101011011
44 46 00010100110
159 164 11111110110
157 135 0111011110100
124 133 11111110001
150 162 00101011010
146 123 011110110011
86 81 011110110010
88 97 0111011110111
100 101 00010100001
103 106 011110111101
128 130 00010100000
123 133 011110111100
135 130 011110111111
129 146 0111011110110
146 146 1110111000
147 152 11111110000
158 162 11111110011
166 170 0111011110001
176 174 0111011110000
172 178 011110111110
184 189 0111011110011
192 194 011110111001
165 118 0111011110010
117 126 0111011111101
120 117 0111011111100
114 112 11111110010
112 109 0111011111111
110 122 0111011111110
136 144 0111011111001
145 147 11111111101
145 145 0010011001
141 141 1110111011
140 141 0001111010
139 136 1110111010
162 207 0111011111000
222 226 0111011111011
225 171 0111011111010
67 38 0111011100101
42 49 011110111000
47 54 00101000101
54 49 011110111011
49 49 1101001111
44 47 00010100011
162 167 11111111100
169 164 011110111010
148 121 0111011100100
112 124 0111011100111
152 163 11111111111
87 95 0111011100110
98 99 00010100010
98 98 1110100101
117 118 011110100101
128 159 0111011100001
157 138 0111011100000
120 135 0111011100011
133 136 11111111110
141 143 00101000100
144 147 00010101101
169 167 0111011100010
174 176 1110100100
176 184 11111111001
189 187 0111011101101
193 192 011110100100
202 186 0111011101100
132 117 0111011101111
115 119 00101000111
112 111 011110100111
107 118 11111111000
134 143 0111011101110
145 143 00101000110
144 146 011110100110
148 150 11111111011
146 143 00101000001
142 144 011110100001
141 140 0010011000
140 138 0010011011
145 137 11111111010
137 192 0111011101001
214 226 011110100000
232 191 0111011101000
40 36 011110100011
45 44 1110100111
55 52 00101000000
53 47 011110100010
47 48 11111100101
49 48 11111100100
47 52 0111011101011
164 172 0111011101010
169 154 0111010010101
135 99 0111010010100
91 132 0111010010111
151 163 00101000011
167 164 00101000010
164 161 0111010010110
145 121 0111010010001
84 74 0111010010000
84 89 0111010010011
93 95 011110101101
97 99 00010101100
105 109 0111010010010
113 117 0111010011101
123 137 0111010011100
110 121 011110101100
136 137 1110100110
148 152 11111100111
163 176 011110101111
171 183 011110101110
187 179 0111010011111
184 190 011110101001
181 197 0111010011110
192 195 11111100110
197 158 0111010011001
115 104 0111010011000
113 116 11111100001
117 116 0111010011011
118 117 011110101000
109 111 011110101011
103 101 11111100000
104 117 0111010011010
135 146 011110101010
143 144 1101001110
147 149 00010101111
149 141 0111010000101
138 141 00101001101
142 142 00010101110
136 142 011001010101
147 143 011001010100
137 148 0111010000100
209 229 0111010000111
208 76 0111010000110
37 41 011001010111
49 50 0111010000001
46 46 11111100011
45 49 00010101001
47 43 11111100010
50 50 00010101000
168 173 0111010000000
161 145 0111010000011
115 82 0111010000010
94 130 0111010001101
152 164 0111010001100
163 159 00010101011
143 119 0111010001111
81 73 0111010001110
85 92 11111101101
96 97 0010011010
97 98 0001001011
100 100 0001001010
105 108 00010101010
112 116 0111010001001
123 117 011001010110
121 126 0111010001000
129 137 11111101100
110 118 00101001100
126 121 0111010001011
125 131 11111101111
149 156 00101001111
165 172 011001010001
176 180 011001010000
180 185 011001010011
186 191 0111010001010
188 187 0111010110101
197 198 11111101110
193 200 0111010110100
183 123 0111010110111
110 101 0111010110110
106 113 0111010110001
104 116 11111101001
135 147 0111010110000
149 149 1101001001
140 144 11111101000
148 143 0111010110011
139 143 11111101011
142 141 00101001110
141 142 1110100001
144 144 0000110011
142 155 0111010110010
179 205 0111010111101
102 44 0111010111100
40 42 0111010111111
46 50 0010000101
53 54 11111101010
43 50 011001010010
53 45 011001011101
44 54 11110010101
57 25 0111010111110
170 168 011001011100
154 131 0111010111001
94 72 0111010111000
97 130 011001011111
152 165 011001011110
142 119 011001011001
79 73 0111010111011
86 95 11110010100
99 98 0000110010
96 96 00101001001
99 99 1101001000
104 108 00011010101
112 115 0010000100
115 117 1110100000
117 115 011001011000
135 120 0111010111010
110 114 011001011011
123 129 011001011010
136 133 00101001000
134 137 11110010111
147 156 0111010100101
163 163 0001110111
171 181 011001000101
181 189 0111010100100
188 193 011001000100
190 195 00011010100
195 190 011001000111
195 196 11110010110
201 198 0111010100111
123 97 0111010100110
94 104 0111010100001
111 103 0111010100000
105 116 011001000110
136 150 11110010001
147 144 00011010111
136 131 11110010000
148 147 1110100011
141 144 00011010110
143 140 00101001011
143 147 11110010011
141 145 00101001010
149 155 00101110101
152 91 0111010100011
44 39 11110010010
48 47 11110011101
50 52 00011010001
47 45 00101110100
50 53 011001000001
53 66 011001000000
40 45 0111010100010
167 160 0111010101101
144 112 0111010101100
85 79 011001000011
98 132 0111010101111
151 164 11110011100
168 165 011001000010
143 120 011001001101
80 73 0111010101110
97 97 00101110111
99 100 011001001100
134 111 0111010101001
106 110 011001001111
124 123 11110011111
124 127 011001001110
127 132 11110011110
136 135 00011010000
134 135 11110011001
143 153 0111010101000
169 184 0111010101011
182 183 11110011000
186 189 11110011011
190 196 11110011010
195 188 0111010101010
194 185 0100101010101
195 214 0100101010100
213 214 011001001001
127 93 0100101010111
101 111 0100101010110
105 102 00011010011
103 116 011001001000
137 151 011001001011
155 156 00101110110
152 146 011001001010
134 120 0100101010001
113 126 011001110101
143 141 11110000101
142 145 00011010010
143 152 0100101010000
150 157 0100101010011
105 39 0100101010010
41 47 11110000100
46 49 0001110001
43 45 11110000111
52 47 11110000110
51 54 00101110001
71 43 0100101011101
46 119 0100101011100
161 152 011001110100
124 91 0100101011111
83 86 0100101011110
99 132 0100101011001
168 166 00101110000
164 159 00011011101
142 118 0100101011000
83 74 011001110111
85 93 00011011100
98 101 11110000001
126 118 011001110110
116 109 0100101011011
124 128 00101110011
124 132 0100101011010
137 137 1110100010
159 173 0100101000101
182 187 00101110010
186 188 011001110001
191 186 0100101000100
191 191 011001110000
202 210 011001110011
216 207 0100101000111
222 222 0100101000110
214 87 0100101000001
101 98 11110000000
100 114 0100101000000
135 150 0100101000011
154 150 011001110010
135 111 0100101000010
92 103 0100101001101
132 145 0100101001100
148 148 1110101101
157 122 0100101001111
50 44 00101111101
41 48 0100101001110
46 51 00101111100
49 46 00101111111
45 55 11110000011
51 45 011001111101
46 69 0100101001001
71 51 0100101001000
101 159 0100101001011
153 141 011001111100
101 81 0100101001010
85 85 0100101110101
101 131 0100101110100
139 115 0100101110111
85 75 011001111111
117 121 11110000010
110 116 11110001101
116 121 011001111110
118 123 00101111110
120 124 00101111001
139 140 1110101100
136 143 011001111001
159 167 0100101110110
173 183 011001111000
184 191 011001111011
180 183 0100101110001
173 188 0100101110000
204 205 011001111010
212 207 0100101110011
206 214 0100101110010
206 220 0100101111101
225 182 0100101111100
82 88 011001100101
98 96 00101111000
99 97 011001100100
99 113 0100101111111
135 149 0100101111110
139 108 0100101111001
73 75 0100101111000
112 138 0100101111011
142 146 00101111011
142 64 0100101111010
35 36 0100101100101
48 54 1101001011
54 53 00101111010
42 53 0100101100100
58 76 0100101100111
65 99 0100101100110
146 152 11110001100
140 118 0100101100001
88 84 011001100111
101 129 0100101100000
164 157 011001100110
139 114 0100101100011
86 76 11110001111
86 93 11110001110
100 103 11110001001
115 118 11110001000
119 124 0100101100010
116 107 0100101101101
111 114 011001100001
121 113 0100101101100
115 113 00101100101
126 133 011001100000
137 141 0100101101111
138 138 1110101111
138 143 011001100011
156 162 011001100010
167 180 0100101101110
174 179 11110001011
177 183 011001101101
206 209 11110001010
211 204 011001101100
205 206 011001101111
202 203 00011011111
205 209 00101100100
215 222 0100101101001
150 80 0100101101000
87 98 011001101110
94 94 011001101001
99 114 0100101101011
143 113 0100101101010
65 53 011001101000
90 124 011001101011
143 146 11110110101
87 41 0100100010101
42 48 0100100010100
54 48 11110110100
46 57 00011011110
48 45 0100100010111
49 58 0100100010110
72 74 0100100010001
102 144 0100100010000
154 137 0100100010011
127 95 0100100010010
91 86 011001101010
99 128 0100100011101
151 162 011000010101
166 165 011000010100
140 116 11110110111
87 94 00101100111
97 96 00011011001
97 100 1101001010
110 107 011000010111
115 112 011000010110
112 121 011000010001
131 137 0100100011100
141 146 011000010000
139 141 00011011000
146 166 0100100011111
169 179 011000010011
162 171 0100100011110
196 204 011000010010
202 204 11110110110
210 204 0100100011001
198 202 11110110001
215 209 0100100011000
218 227 0100100011011
214 97 0100100011010
75 85 0100100000101
87 90 011000011101
97 115 0100100000100
153 150 1110101110
146 119 0100100000111
66 42 0100100000110
73 108 0100100000001
138 144 11110110000
148 145 11110110011
141 150 0100100000000
156 122 0100100000011
48 40 11110110010
45 43 011000011100
47 61 011000011111
51 65 0100100000010
78 97 0100100001101
136 151 0100100001100
96 88 011000011110
85 89 011000011001
91 83 011000011000
94 129 0100100001111
146 159 0100100001110
165 165 011000011011
82 80 0100100001001
89 97 011000011010
97 101 11110111101
98 100 00011011011
100 110 0100100001000
112 120 0100100001011
115 115 011000000101
115 121 0100100001010
130 116 0100100110101
113 112 011000000100
115 116 11110111100
119 127 0100100110100
149 139 011000000111
135 144 0100100110111
151 166 011000000110
161 144 0100100110110
181 202 0100100110001
203 200 011000000001
200 196 0100100110000
199 197 0100100110011
205 201 11110111111
204 203 11110111110
198 205 011000000000
204 212 0100100110010
217 201 011000000011
126 70 0100100111101
72 93 0100100111100
92 114 0100100111111
133 151 0100100111110
142 123 0100100111001
66 47 011000000010
56 97 0100100111000
122 139 0100100111011
141 155 011000001101
142 59 0100100111010
35 41 0100100100101
49 52 11110111001
56 47 11110111000
50 54 11110111011
62 58 0100100100100
97 138 0100100100111
148 137 011000001100
88 87 0100100100110
96 127 0100100100001
147 160 0100100100000
97 104 11110111010
103 107 1110101001
126 106 0100100100011
110 115 11110100101
114 118 011000001111
129 138 0100100100010
138 132 0100100101101
136 138 011000001110
154 189 0100100101100
195 193 011000001001
195 206 0100100101111
199 199 0100100101110
200 200 0100100101001
202 207 11110100100
202 206 11110100111
210 210 1110101000
215 221 011000001000
209 157 0100100101000
67 74 011000001011
86 111 0100100101011
138 151 0100100101010
150 156 011000001010
142 114 0100111010101
76 42 011000110101
37 58 0100111010100
103 131 0100111010111
139 139 1110101011
148 154 11110100110
91 38 011000110100
39 42 011000110111
50 58 00101100110
56 51 011000110110
44 50 011000110001
58 56 11110100001
51 89 0100111010110
130 142 0100111010001
147 148 00011011010
85 88 0100111010000
90 91 011000110000
92 87 0100111010011
98 127 011000110011
141 116 011000110010
88 78 0100111010010
85 94 11110100000
96 99 1100111101
96 103 0100111011101
113 152 0100111011100
109 102 0100111011111
113 115 0100111011110
135 143 0100111011001
138 137 1110101010
140 131 0100111011000
137 130 11110100011
137 164 0100111011011
194 198 00101100001
196 195 011000111101
186 193 00101100000
193 194 011000111100
198 204 011000111111
201 203 0100111011010
204 204 00101100011
207 208 11110100010
206 200 0100111000101
215 214 011000111110
216 219 0100111000100
113 61 0100111000111
88 106 011000111001
130 148 0100111000110
143 114 0100111000001
75 43 0100111000000
43 43 0100111000011
76 118 0100111000010
143 138 11110101101
134 147 0100111001101
154 124 0100111001100
50 37 0100111001111
47 49 00011000101
57 48 011000111000
54 50 11110101100
43 51 11110101111
58 49 0100111001110
70 126 0100111001001
150 139 11110101110
144 157 011000111011
163 166 011000111010
89 92 011000100101
92 91 011000100100
90 86 0100111001000
98 129 0100111001011
142 117 11110101001
89 78 0100111001010
84 94 0100111110101
95 99 11110101000
102 100 011000100111
114 117 11110101011
123 155 0100111110100
108 107 0100111110111
111 111 11110101010
111 117 0100111110110
128 138 0100111110001
138 135 0100111110000
137 138 00011000100
131 123 0100111110011
125 141 0100111110010
175 183 000001010101
187 191 011000100110
190 183 000001010100
190 198 0100111111101
200 204 011000100001
209 206 00011000111
201 208 011000100000
202 202 0100111111100
206 203 011000100011
208 221 0100111111111
203 95 0100111111110
72 105 0100111111001
136 147 0100111111000
150 155 011000100010
73 41 0100111111011
43 35 0100111111010
48 85 0100111100101
123 136 0100111100100
145 63 0100111100111
51 57 000001010111
51 50 000001010110
54 45 000001010001
54 52 00101100010
46 55 011000101101
118 144 0100111100110
144 137 0100111100001
148 162 000001010000
161 164 0100111100000
91 91 011000101100
91 90 0100111100011
89 83 000001010011
96 129 0100111100010
149 161 011000101111
164 160 011000101110
143 118 0100111101101
87 77 011000101001
83 92 0100111101100
92 96 0100111101111
110 106 0100111101110
179 126 0100111101001
108 102 0100111101000
108 110 0100111101011
114 120 011000101000
132 141 011000101011
136 129 0100111101010
138 126 0100110010101
125 115 0100110010100
160 181 0100110010111
185 192 011000101010
185 180 011011010101
186 179 0100110010110
185 200 0100110010001
196 194 000001010010
201 205 000001011101
204 202 011011010100
199 202 00101101101
202 212 0100110010000
203 210 0100110010011
219 216 0100110010010
228 179 0100110011101
64 97 0100110011100
131 146 011011010111
75 44 0100110011111
36 48 0100110011110
113 196 0100110011001
216 199 0100110011000
187 169 011011010110
86 40 0100110011011
46 47 00011000110
56 55 0100110011010
53 58 0100110000101
51 55 000001011100
45 95 0100110000100
148 144 000001011111
139 149 0100110000111
88 88 011011010001
88 91 00101101100
93 126 0100110000110
148 161 011011010000
81 90 0100110000001
91 93 0100110000000
106 105 00101101111
207 121 0100110000011
109 112 011011010011
137 134 000001011110
134 130 011011010010
136 132 011011011101
126 163 0100110000010
173 195 0100110001101
181 175 0100110001100
187 180 0100110001111
182 185 0100110001110
191 193 00101101110
196 199 011011011100
197 196 0100110001001
202 198 0100110001000
196 202 0100110001011
200 206 0100110001010
212 206 0100110110101
205 213 0100110110100
227 216 0100110110111
67 91 0100110110110
130 152 0100110110001
148 153 011011011111
146 114 0100110110000
78 50 0100110110011
40 30 0100110110010
45 136 0100110111101
212 200 0100110111100
200 211 000001011001
220 214 011011011110
73 45 0100110111111
56 50 00101101001
57 50 011011011001
54 51 011011011000
50 43 011011011011
75 142 0100110111110
147 142 0100110111001
93 85 0100110111000
94 124 0100110111011
147 161 0100110111010
80 72 011011011010
78 88 0100110100101
93 96 000001011000
98 97 00101101000
110 112 00101101011
104 134 0100110100100
186 122 0100110100111
95 105 011011000101
113 138 0100110100110
162 183 0100110100001
172 173 0001110000
175 179 00101101010
167 185 0100110100000
189 185 0100110100011
183 194 0100110100010
198 194 000001011011
190 193 0100110101101
191 195 0100110101100
199 204 011011000100
203 197 011011000111
204 201 0100110101111
204 206 011011000110
213 221 0100110101110
143 88 0100110101001
122 152 0100110101000
145 115 011011000001
73 42 0100110101011
31 53 0100110101010
178 207 0100001010101
181 209 0100001010100
219 223 011011000000
221 233 0100001010111
168 45 0100001010110
45 48 11001010101
57 59 011011000011
49 47 011011000010
48 66 011011001101
122 155 0100001010001
141 148 000001011010
92 92 000001000101
92 93 0100001010000
96 125 0100001010011
147 162 0100001010010
77 88 0100001011101
103 108 011011001100
111 110 0100001011100
115 182 0100001011111
178 106 0100001011110
102 101 000001000100
108 112 0100001011001
106 121 0100001011000
117 127 000001000111
129 124 011011001111
116 126 0100001011011
112 112 011011001110
149 172 0100001011010
183 168 0100001000101
162 181 0100001000100
183 174 0100001000111
190 194 000001000110
184 185 0100001000110
187 190 0100001000001
187 195 0100001000000
195 199 011011001001
195 202 0100001000011
209 207 011011001000
209 217 0100001000010
216 85 0100001001101
126 142 0100001001100
137 110 0100001001111
58 31 0100001001110
68 193 0100001001001
201 172 0100001001000
212 213 011011001011
210 221 011011001010
216 45 0100001001011
41 46 11001010100
40 51 011011110101
56 52 11001010111
49 103 0100001001010
155 144 011011110100
143 155 0100001110101
98 95 0100001110100
100 126 011011110111
145 159 0100001110111
167 168 0100001110110
167 163 011011110110
144 116 0100001110001
82 76 0100001110000
84 92 0100001110011
95 100 011011110001
104 111 0100001110010
98 214 0100001111101
164 110 0100001111100
106 98 0100001111111
127 122 00011000001
106 153 011011110000
168 155 0100001111110
173 171 00011000000
177 177 1100111100
179 187 0100001111001
186 186 0100001111000
187 187 0100001111011
173 184 0100001111010
188 199 0100001100101
193 191 011011110011
199 201 000001000001
199 203 011011110010
200 207 0100001100100
214 186 0100001100111
124 145 0100001100110
149 157 0100001100001
152 148 011011111101
135 93 0100001100000
50 122 0100001100011
206 193 0100001100010
183 212 0100001101101
216 211 0100001101100
195 201 011011111100
211 221 011011111111
216 40 0100001101111
53 44 011011111110
43 53 011011111001
53 36 000001000000
75 146 0100001101110
150 142 000001000011
155 157 11001010110
99 95 000001000010
146 160 0100001101001
167 167 11001010001
146 118 0100001101000
84 77 11001010000
99 101 00011000011
100 102 00001010101
107 111 011011111000
111 113 011011111011
97 211 0100001101011
149 109 0100001101010
92 100 0100000010101
125 106 0100000010100
120 132 0100000010111
133 123 011011111010
123 100 0100000010110
157 151 0100000010001
170 150 0100000010000
164 156 0100000010011
170 172 011011100101
182 182 011011100100
182 180 0100000010010
189 169 0100000011101
182 184 0100000011100
186 195 011011100111
199 194 0100000011111
174 188 0100000011110
203 199 0100000011001
206 197 0100000011000
206 215 0100000011011
198 142 0100000011010
150 154 00011000010
151 147 0100000000101
122 109 011011100110
183 201 0100000000100
180 197 0100000000111
211 208 011011100001
196 208 0100000000110
214 44 0100000000001
56 53 000001001101
44 44 000001001100
36 46 0100000000000
119 154 0100000000011
145 149 000001001111
101 99 011011100000
99 96 0100000000010
102 127 011011100011
166 167 000001001110
148 120 0100000001101
88 93 011011100010
102 98 011011101101
109 106 011011101100
104 205 0100000001100
137 114 0100000001111
96 102 000001001001
101 115 011011101111
110 145 0100000001110
143 165 0100000001001
141 171 0100000001000
171 178 011011101110
171 175 011011101001
181 173 0100000001011
179 174 011011101000
165 182 011011101011
182 188 011011101010
186 184 011010010101
193 201 000001001000
195 164 0100000001010
183 192 0100000110101
191 197 0100000110100
198 195 0100000110111
199 198 000001001011
207 180 0100000110110
153 148 011010010100
148 142 0100000110001
183 208 0100000110000
187 185 0100000110011
206 212 0100000110010
207 201 0100000111101
200 201 000001001010
206 213 0100000111100
184 47 0100000111111
52 48 00011001101
39 45 0100000111110
38 84 0100000111001
144 160 0100000111000
100 99 11001010011
100 98 11001010010
104 129 0100000111011
168 169 011010010111
149 120 0100000111010
84 76 000001110101
100 97 11001011101
105 99 011010010110
131 198 0100000100101
141 121 0100000100100
104 97 0100000100111
94 110 0100000100110
120 119 000001110100
146 151 000001110111
151 139 0100000100001
159 144 0100000100000
164 155 0100000100011
176 173 011010010001
179 183 000001110110
160 172 011010010000
174 181 11001011100
184 175 011010010011
178 181 000001110001
180 190 0100000100010
189 188 011010010010
171 190 0100000101101
197 194 0100000101100
194 194 011010011101
188 197 011010011100
191 194 000001110000
193 198 000001110011
163 202 0100000101111
192 192 000001110010
194 209 0100000101110
205 197 0100000101001
204 213 011010011111
135 46 0100000101000
53 49 00001010100
70 130 0100000101011
153 146 0100000101010
152 162 0100011010101
101 100 0100011010100
105 128 0100011010111
150 163 0100011010110
170 171 000001111101
173 169 000001111100
149 119 011010011110
85 77 011010011001
103 96 0100011010001
172 194 0100011010000
151 125 011010011000
104 112 000001111111
119 114 011010011011
116 149 011010011010
139 145 0100011010011
139 163 0100011010010
155 166 0100011011101
152 170 0100011011100
176 170 0100011011111
171 159 0100011011110
178 175 011010000101
175 172 00011001100
176 182 00001010111
184 177 0100011011001
191 190 000001111110
194 190 0100011011000
189 186 0100011011011
184 183 0100011011010
170 194 0100011000101
200 187 0100011000100
191 206 0100011000111
200 203 011010000100
210 200 0100011000110
200 209 0100011000001
220 219 0100011000000
78 42 0100011000011
52 51 00011001111
50 45 000001111001
55 63 011010000111
110 150 0100011000010
145 150 000001111000
103 125 0100011001101
150 164 0100011001100
87 91 0100011001111
100 105 011010000110
102 94 0100011001110
205 191 011010000001
146 126 0100011001001
106 108 0100011001000
129 108 0100011001011
127 138 0100011001010
165 153 011010000000
161 171 011010000011
173 168 011010000010
159 169 0100011110101
175 174 000001111011
176 167 0100011110100
174 182 0100011110111
180 184 0100011110110
181 184 0100011110001
186 190 011010001101
192 185 0100011110000
171 180 0100011110011
185 182 0100011110010
183 163 0100011111101
193 187 0100011111100
195 203 0100011111111
210 198 0100011111110
201 202 011010001100
197 200 11001011111
202 187 0100011111001
219 224 0100011111000
40 41 0100011111011
50 51 00001010110
50 42 0100011111010
44 88 0100011100101
147 155 011010001111
101 125 011010001110
149 164 11001011110
172 174 11001011001
150 121 0100011100100
101 91 011010001001
216 187 0100011100111
145 133 0100011100110
104 98 0100011100001
111 142 0100011100000
145 138 0100011100011
145 119 0100011100010
137 146 0100011101101
144 158 0100011101100
174 172 00011001110
161 174 0100011101111
175 168 0100011101110
165 170 011010001000
174 186 0100011101001
190 181 0100011101000
178 179 11001011000
177 169 0100011101011
183 162 0100011101010
160 177 0100010010101
198 174 0100010010100
196 197 0100010010111
200 197 0100010010110
196 200 11001011011
205 205 011010001011
178 163 0100010010001
191 202 0100010010000
217 197 0100010010011
38 47 0100010010010
50 57 0100010011101
51 119 0100010011100
154 144 0100010011111
153 158 011010001010
156 157 11001011010
95 95 000001111010
96 94 000001100101
96 95 011010110101
103 127 0100010011110
172 168 011010110100
151 124 0100010011001
84 79 0100010011000
87 96 000001100100
99 102 000001100111
98 94 000001100110
100 90 011010110111
215 184 0100010011011
161 147 0100010011010
138 124 0100010000101
112 91 0100010000100
106 116 011010110110
116 104 0100010000111
140 149 0100010000110
110 141 0100010000001
151 148 011010110001
164 143 011010110000
164 174 0100010000000
166 168 011010110011
170 162 0100010000011
170 163 011010110010
166 163 0100010000010
167 171 0100010001101
171 177 11001000101
184 178 011010111101
175 171 0100010001100
197 181 0100010001111
202 201 0100010001110
198 192 0100010001001
195 198 011010111100
199 196 0100010001000
203 204 0100010001011
205 198 0100010001010
161 157 0100010110101
176 179 11001000100
191 104 0100010110100
41 52 0100010110111
48 48 011010111111
49 45 011010111110
46 61 0100010110110
83 146 0100010110001
151 144 0100010110000
94 93 011010111001
94 92 0100010110011
93 93 011010111000
102 129 0100010110010
170 169 000001100001
169 166 0100010111101
149 123 0100010111100
85 78 000001100000
93 99 0100010111111
98 88 011010111011
210 181 0100010111110
163 162 0100010111001
137 139 1100111111
110 97 0100010111000
99 107 011010111010
102 138 0100010111011
138 131 0100010111010
133 117 0100010100101
129 141 0100010100100
146 139 0100010100111
146 155 011010100101
138 166 0100010100110
167 169 0100010100001
153 178 0100010100000
156 169 0100010100011
165 174 011010100100
170 153 0100010100010
181 181 11001000111
184 192 011010100111
202 205 0100010101101
197 187 0100010101100
196 201 000001100011
200 198 0100010101111
198 155 0100010101110
162 173 0100010101001
138 177 0100010101000
209 38 0100010101011
37 49 0100010101010
54 44 0101101010101
52 74 0101101010100
157 155 00011001001
94 95 000001100010
103 130 0101101010111
151 165 011010100110
172 171 11001000110
171 168 000001101101
150 124 0101101010110
89 80 0101101010001
95 85 0101101010000
204 186 0101101010011
172 165 0101101010010
138 140 0010000111
114 107 0101101011101
102 112 0101101011100
113 129 011010100001
133 150 0101101011111
149 136 0101101011110
159 153 011010100000
158 153 000001101100
165 161 0101101011001
164 162 011010100011
158 166 011010100010
162 174 011010101101
171 170 00011001000
166 158 0101101011000
173 155 0101101011011
167 159 0101101011010
164 190 0101101000101
178 188 0101101000100
198 199 00011001011
195 192 0101101000111
194 199 011010101100
201 199 0101101000110
201 204 00001010001
195 158 0101101000001
173 151 0101101000000
161 181 0101101000011
188 43 0101101000010
54 42 0101101001101
56 108 011010101111
106 131 000001101111
150 165 011010101110
172 169 011010101001
89 79 0101101001100
86 94 0101101001111
95 97 000001101110
202 196 0101101001110
183 164 0101101001001
132 102 0101101001000
107 131 0101101001011
124 136 0101101001010
138 114 0101101110101
128 136 000001101001
132 124 11001000001
133 156 0101101110100
155 148 011010101000
123 159 011010101011
163 157 0101101110111
161 163 0101101110110
156 183 0101101110001
169 192 0101101110000
192 193 000001101000
191 188 0101101110011
193 195 11001000000
203 205 00011001010
207 211 011010101010
156 126 0101101110010
138 206 0101101111101
73 40 001101010101
52 55 000001101011
69 138 001101010100
150 148 00001110101
108 132 0101101111100
149 165 000001101010
171 171 0101101111111
151 126 0101101111110
86 75 0101101111001
82 93 001101010111
95 96 000000010101
94 97 000000010100
96 98 00001110100
209 203 0101101111000
163 149 0101101111011
148 110 0101101111010
112 126 0101101100101
135 128 0101101100100
133 139 001101010110
137 124 0101101100111
130 111 0101101100110
111 104 0101101100001
108 135 0101101100000
107 144 0101101100011
144 121 0101101100010
145 155 001101010001
154 166 0101101101101
182 174 0101101101100
190 189 0101101101111
201 214 0101101101110
208 177 001101010000
152 118 0101101101001
82 102 0101101101000
178 218 0101101101011
34 35 0101101101010
100 151 0101100010101
155 159 00001110111
111 133 0101100010100
173 172 000000010111
173 170 001101010011
152 127 0101100010111
84 72 001101010010
81 93 0101100010110
87 81 0101100010001
214 204 0101100010000
193 174 0101100010011
150 137 0101100010010
146 117 0101100011101
129 109 0101100011100
121 137 0101100011111
139 138 000000010110
119 130 0101100011110
129 145 0101100011001
144 135 0101100011000
135 133 11001000011
120 100 001101011101
91 73 0101100011011
134 128 0101100011010
99 126 0101100000101
113 90 0101100000100
81 88 001101011100
48 147 0101100000111
181 158 0101100000110
173 190 0101100000001
194 195 0101100000000
194 193 001101011111
196 198 0101100000011
200 202 000000010001
178 136 0101100000010
99 156 001101011110
212 97 0101100001101
34 45 0101100001100
44 43 000000010000
44 67 001101011001
134 150 000000010011
144 155 0101100001111
113 135 0101100001110
153 168 0101100001001
174 173 00001110110
153 128 0101100001000
82 94 000000010010
101 95 0101100001011
213 207 0101100001010
199 175 0101100110101
133 119 001101011000
133 108 0101100110100
114 121 0101100110111
98 118 0101100110110
141 135 001101011011
136 119 0101100110001
133 126 001101011010
134 104 0101100110000
114 97 0101100110011
109 94 001101000101
119 133 0101100110010
123 80 0101100111101
63 82 0101100111100
97 75 0101100111111
52 46 000000011101
60 178 0101100111110
153 186 0101100111001
196 192 001101000100
190 191 0101100111000
199 200 001101000111
199 207 0101100111011
206 204 001101000110
177 119 0101100111010
86 85 0101100100101
82 103 0101100100100
148 194 0101100100111
197 58 0101100100110
40 98 0101100100001
146 144 001101000001
102 97 000000011100
113 134 0101100100000
153 167 0101100100011
172 170 0101100100010
154 129 0101100101101
85 74 0101100101100
97 85 0101100101111
198 206 0101100101110
198 178 001101000000
128 113 0101100101001
132 121 000000011111
110 110 0101100101000
134 134 00001010000
116 127 001101000011
131 135 0101100101011
123 131 0101100101010
142 134 001101000010
115 105 0101111010101
82 66 0101111010100
75 111 0101111010111
100 78 001101001101
103 75 0101111010110
69 80 0101111010001
53 32 0101111010000
42 84 0101111010011
168 145 0101111010010
184 196 001101001100
198 193 0101111011101
196 188 0101111011100
196 196 001101001111
198 201 001101001110
207 202 0101111011111
152 100 0101111011110
82 87 001101001001
115 166 0101111011001
194 134 0101111011000
42 52 000000011110
53 46 0101111011011
51 126 0101111011010
102 96 001101001000
110 131 0101111000101
155 131 000000011001
83 93 001101001011
96 79 0101111000100
174 195 0101111000111
197 182 0101111000110
132 142 0101111000001
102 110 0101111000000
130 139 11001000010
133 115 0101111000011
131 126 001101001010
127 121 0101111000010
100 75 0101111001101
79 72 0101111001100
56 59 00001010011
105 127 0101111001111
101 76 0101111001110
36 39 0101111001001
118 156 0101111001000
130 189 0101111001011
191 182 0101111001010
192 189 0101111110101
188 190 001101110101
194 196 001101110100
177 135 0101111110100
90 94 0101111110111
128 158 0101111110110
172 192 0101111110001
167 44 0101111110000
54 43 0101111110011
42 54 000000011000
63 49 001101110111
85 145 0101111110010
165 163 001101110110
158 154 001101110001
111 132 0101111111101
148 163 000000011011
169 169 001101110000
153 129 0101111111100
85 73 001101110011
84 90 0101111111111
104 99 000000011010
97 89 0101111111110
87 211 0101111111001
189 184 0101111111000
148 127 0101111111011
138 123 0101111111010
103 128 0101111100101
121 129 001101110010
128 139 0101111100100
104 72 0101111100111
58 99 0101111100110
54 90 0101111100001
111 77 001101111101
44 107 0101111100000
66 96 000000000101
38 99 0101111100011
46 140 0101111100010
134 155 0101111101101
191 183 0101111101100
181 185 001101111100
188 184 0101111101111
188 183 0101111101110
194 201 0101111101001
186 95 0101111101000
104 136 0101111101011
184 151 0101111101010
47 41 11001001101
49 54 11001001100
53 50 00001110001
39 54 0101110010101
55 50 00001110000
127 147 0101110010100
138 161 0101110010111
109 131 0101110010110
86 73 0101110010001
85 91 001101111111
94 96 0101110010000
105 90 001101111110
89 205 0101110010011
196 189 001101111001
158 105 0101110010010
133 110 0101110011101
99 127 0101110011100
127 92 0101110011111
76 78 0101110011110
61 45 001101111000
56 45 001101111011
54 120 0101110011001
82 48 0101110011000
101 42 0101110011011
34 109 0101110011010
148 128 0101110000101
164 194 0101110000100
183 180 001101111010
180 178 0101110000111
193 95 0101110000110
56 126 0101110000001
156 161 0101110000000
158 170 0101110000011
172 191 0101110000010
165 51 0101110001101
38 46 0101110001100
55 44 001101100101
44 52 0101110001111
48 73 0101110001110
163 164 000000000100
105 104 000000000111
106 128 001101100100
152 166 0101110001001
172 172 00001010010
156 132 001101100111
85 72 0101110001000
83 90 0101110001011
97 93 0010000110
105 98 0101110001010
91 144 0101110110101
126 107 0101110110100
126 132 001101100110
116 123 0101110110111
122 121 0101110110110
80 75 0101110110001
76 73 0101110110000
55 69 0101110110011
49 35 0101110110010
81 79 0101110111101
48 57 001101100001
73 100 0101110111100
39 125 0101110111111
40 159 0101110111110
119 174 0101110111001
194 192 001101100000
182 179 0101110111000
180 182 001101100011
172 175 000000000110
178 183 0101110111011
189 189 001101100010
195 178 0101110111010
76 52 001101101101
101 96 0101110100101
112 119 0101110100100
174 183 0101110100111
189 130 0101110100110
45 53 11001001111
54 46 000000000001
50 104 0101110100001
142 138 001101101100
157 166 0101110100000
102 126 001101101111
150 166 0101110100011
85 71 0101110100010
81 89 001101101110
199 208 0101110101101
130 121 0101110101100
112 132 0101110101111
128 121 0101110101110
116 132 001101101001
121 117 001101101000
104 87 0101110101001
66 82 0101110101000
49 119 0101110101011
39 48 000000000000
93 46 0101110101010
61 58 001101101011
47 94 0101001010101
56 78 0101001010100
124 107 001101101010
178 194 0101001010111
196 183 0101001010110
184 179 001100010101
180 179 000000000011
172 177 001100010100
185 177 0101001010001
193 179 0101001010000
99 83 001100010111
87 97 0101001010011
134 116 0101001010010
125 156 0101001011101
80 46 0101001011100
42 44 001100010110
57 47 0101001011111
55 53 11001001110
69 125 0101001011110
133 138 001100010001
162 162 1100111110
105 101 001100010000
99 94 001100010011
98 124 0101001011001
155 130 0101001011000
87 70 001100010010
110 111 0101001011011
103 89 0101001011010
115 199 0101001000101
120 112 0101001000100
124 115 0101001000111
116 96 001100011101
55 42 001100011100
59 105 0101001000110
43 83 0101001000001
82 85 0101001000000
64 78 0101001000011
98 116 0101001000010
111 175 0101001001101
190 185 001100011111
184 188 0101001001100
176 175 00001110011
180 176 0101001001111
174 177 001100011110
197 185 0101001001110
144 93 0101001001001
83 96 0101001001000
81 133 0101001001011
135 168 0101001001010
159 61 0101001110101
41 55 0101001110100
59 52 0101001110111
95 130 0101001110110
123 150 0101001110001
99 92 0101001110000
96 122 0101001110011
148 164 00001110010
80 89 0101001110010
97 95 0101001111101
99 105 0101001111100
109 110 0101001111111
111 99 0101001111110
91 206 0101001111001
206 195 0101001111000
114 111 0101001111011
126 116 001100011001
116 135 0101001111010
115 74 001100011000
65 62 001100011011
75 79 0101001100101
64 48 001100011010
67 79 0101001100100
86 49 0101001100111
43 47 11001001001
52 45 001100000101
43 72 000000000010
133 147 0101001100110
178 171 0101001100001
176 169 0101001100000
187 197 0101001100011
173 106 0101001100010
71 72 0101001101101
92 115 0101001101100
141 152 0101001101111
107 45 0101001101110
38 45 0101001101001
61 53 0101001101000
56 43 0101001101011
46 66 0101001101010
120 130 0101000010101
124 157 0101000010100
104 101 000000001101
99 91 0101000010111
94 122 001100000100
157 133 001100000111
87 71 0101000010110
82 91 001100000110
100 106 0101000010001
112 98 001100000001
89 220 0101000010000
213 177 0101000010011
110 127 001100000000
71 88 0101000010010
51 44 001100000011
54 71 0101000011101
73 63 0101000011100
74 63 0101000011111
117 47 0101000011110
46 44 000000001100
48 36 0101000011001
62 117 0101000011000
98 146 0101000011011
175 178 000000001111
179 185 000000001110
180 157 001100000010
168 175 001100001101
170 166 0101000011010
173 182 0101000000101
193 203 0101000000100
197 197 0101000000111
178 130 0101000000110
74 47 001100001100
91 84 0101000000001
133 143 0101000000000
104 47 0101000000011
47 56 000000001001
55 59 0101000000010
44 91 0101000001101
135 129 001100001111
136 153 0101000001100
100 91 001100001110
171 172 11001001000
158 134 000000001000
88 72 0101000001111
84 93 000000001011
109 109 0101000001110
93 219 0101000001001
213 122 0101000001000
103 113 0101000001011
117 108 0101000001010
133 121 0101000110101
114 48 0101000110100
55 57 00001111101
46 41 001100001001
49 81 0101000110111
67 73 0101000110110
74 39 0101000110001
89 95 0101000110000
92 35 0101000110011
30 56 0101000110010
144 104 0101000111101
169 129 0101000111100
188 180 0101000111111
195 181 0101000111110
182 193 0101000111001
197 201 000000001010
205 204 0101000111000
191 139 0101000111011
87 39 0101000111010
46 67 0101000100101
42 51 001100001000
50 55 0101000100100
61 60 0101000100111
51 113 0101000100110
138 129 0101000100001
92 122 001100001011
145 162 0101000100000
157 134 000000110101
87 72 0101000100011
79 93 0101000100010
98 102 0101000101101
97 103 0101000101100
129 116 0101000101111
96 182 0101000101110
216 115 0101000101001
113 111 0101000101000
105 133 0101000101011
76 77 0101000101010
76 55 0101011010101
92 41 0101011010100
39 46 0101011010111
68 61 001100001010
79 70 0101011010110
59 69 001100110101
38 29 0101011010001
43 162 0101011010000
114 184 0101011010011
160 137 0101011010010
165 171 0101011011101
169 155 0101011011100
166 176 0101011011111
208 210 11001001011
201 161 0101011011110
95 48 0101011011001
36 76 001100110100
120 173 0101011011000
65 54 000000110100
51 56 000000110111
64 57 0101011011011
55 41 0101011011010
65 136 0101011000101
129 147 0101011000100
159 151 0101011000111
157 159 000000110110
103 100 000000110001
147 163 000000110000
174 171 0101011000110
156 133 0101011000001
93 75 0101011000000
98 104 11001001010
101 114 001100110111
217 115 0101011000011
136 116 0101011000010
100 59 0101011001101
97 43 0101011001100
70 57 001100110110
56 49 000000110011
81 110 001100110001
52 120 0101011001111
35 40 0101011001110
151 118 0101011001001
164 147 0101011001000
171 184 0101011001011
190 169 0101011001010
157 160 0101011110101
201 209 0101011110100
107 57 0101011110111
35 47 0101011110110
78 163 0101011110001
89 50 0101011110000
54 57 00100010101
65 55 001100110000
52 42 001100110011
94 140 0101011110011
133 153 0101011110010
161 156 0101011111101
152 154 00001111100
91 121 0101011111100
93 77 0101011111111
103 112 0101011111110
190 122 0101011111001
114 130 0101011111000
125 87 0101011111011
40 44 000000110010
74 66 0101011111010
54 54 0101011100101
70 43 0101011100100
94 79 0101011100111
44 129 0101011100110
37 133 0101011100001
119 176 0101011100000
169 190 0101011100011
176 144 0101011100010
167 187 0101011101101
181 161 0101011101100
162 156 0101011101111
173 187 0101011101110
192 196 00100010100
201 210 0101011101001
208 211 001100110010
212 192 0101011101000
122 72 0101011101011
39 41 0101011101010
74 166 0101010010101
102 51 0101010010100
63 51 0101010010111
127 140 0101010010110
139 160 0101010010001
148 149 1101110101
91 120 001100111101
90 76 0101010010000
88 95 0101010010011
101 105 000000111101
114 119 0101010010010
114 125 0101010011101
124 113 0101010011100
117 139 0101010011111
84 58 0101010011110
37 90 001100111100
41 78 0101010011001
79 48 0101010011000
44 90 0101010011011
35 51 0101010011010
164 189 0101010000101
191 161 0101010000100
205 215 0101010000111
213 197 0101010000110
136 93 0101010000001
83 163 0101010000000
103 57 0101010000011
55 55 0101010000010
58 60 001100111111
59 50 001100111110
46 82 0101010001101
146 163 001100111001
162 163 0101010001100
145 146 00001111111
173 174 001100111000
90 74 0101010001111
105 112 0101010001110
119 142 0101010001001
112 160 0101010001000
64 99 0101010001011
37 101 0101010001010
66 95 0101010110101
66 40 0101010110100
59 48 0101010110111
39 95 001100111011
51 67 001100111010
37 76 0101010110110
102 149 0101010110001
162 165 0101010110000
160 190 0101010110011
178 182 001100100101
175 164 0101010110010
148 168 0101010111101
153 94 0101010111100
49 38 0101010111111
69 143 0101010111110
123 64 0101010111001
59 57 001100100100
60 63 0101010111000
55 51 000000111100
51 48 000000111111
48 112 0101010111011
139 131 001100100111
154 162 0101010111010
154 149 000000111110
98 93 001100100110
90 120 001100100001
147 164 0101010100101
89 75 000000111001
98 103 001100100000
118 118 0101010100100
185 121 0101010100111
52 75 0101010100110
113 89 0101010100001
72 87 001100100011
38 118 0101010100000
39 50 0101010100011
61 59 001100100010
43 44 001100101101
49 60 001100101100
43 96 0101010100010
59 63 0101010101101
47 141 0101010101100
123 170 0101010101111
177 166 0101010101110
154 187 0101010101001
111 97 0101010101000
116 131 0101010101011
140 163 0101010101010
172 185 1010101010101
179 177 001100101111
178 190 1010101010100
201 207 001100101110
210 194 1010101010111
137 65 001100101001
45 38 1010101010110
58 117 1010101010001
148 60 1010101010000
60 67 000000111000
64 63 001100101000
51 46 001100101011
61 131 1010101010011
132 137 1010101010010
155 152 000000111011
147 147 00100010111
144 141 00001111110
99 93 001100101010
89 119 1010101011101
173 175 00100010110
177 175 000000111010
159 136 1010101011100
88 77 1010101011111
102 108 1010101011110
112 117 1010101011001
152 61 1010101011000
42 97 1010101011011
170 121 1010101011010
69 57 1010101000101
86 47 1010101000100
62 119 001111010101
36 34 1010101000111
74 46 001111010100
56 57 000000100101
40 62 1010101000110
58 63 000000100100
133 106 1010101000001
177 173 1010101000000
197 155 1010101000011
170 188 1010101000010
184 131 1010101001101
143 135 001111010111
124 95 1010101001100
68 86 1010101001111
138 163 1010101001110
175 176 001111010110
173 186 1010101001001
193 188 1010101001000
201 188 1010101001011
165 122 1010101001010
94 61 1010101110101
43 41 000000100111
52 89 1010101110100
153 57 1010101110111
54 65 001111010001
66 58 1010101110110
52 52 001111010000
83 138 1010101110001
129 149 001111010011
149 145 1010101110000
137 133 001111010010
102 95 001111011101
90 118 1010101110011
177 174 001111011100
159 135 1010101110010
91 78 001111011111
86 96 1010101111101
98 105 001111011110
104 109 001111011001
108 116 1010101111100
148 57 1010101111111
68 106 1010101111110
128 81 1010101111001
64 70 1010101111000
77 50 1010101111011
98 72 1010101111010
95 42 1010101100101
42 45 001111011000
70 46 1010101100100
36 83 001111011011
132 180 1010101100111
168 189 1010101100110
188 156 1010101100001
116 128 1010101100000
134 115 1010101100011
155 124 1010101100010
99 88 1010101101101
78 111 1010101101100
188 191 1010101101111
188 181 1010101101110
146 96 1010101101001
101 113 1010101101000
128 101 001111011010
58 41 1010101101011
45 71 00100010001
156 72 1010101101010
53 57 1010100010101
65 51 1010100010100
103 140 1010100010111
129 159 1010100010110
162 157 1010100010001
137 132 1010100010000
101 92 1010100010011
85 120 001111000101
145 163 00100010000
175 175 000000100110
160 140 000000100001
87 76 1010100010010
100 96 001111000100
121 136 1010100011101
156 78 1010100011100
61 68 1010100011111
67 112 1010100011110
53 77 1010100011001
63 46 001111000111
75 53 1010100011000
44 36 1010100011011
81 50 1010100011010
40 43 001111000110
35 145 1010100000101
157 170 1010100000100
182 197 1010100000111
157 87 1010100000110
78 72 001111000001
80 101 001111000000
137 155 001111000011
157 181 1010100000001
189 195 001111000010
185 162 1010100000000
121 85 1010100000011
58 51 000000100000
61 70 001111001101
66 44 1010100000010
47 63 1010100001101
160 98 1010100001100
48 60 1010100001111
45 52 000000100011
48 52 000000100010
159 155 00100010011
141 137 000000101101
95 98 1010100001110
94 85 1010100001001
79 115 1010100001000
176 176 001111001100
159 138 1010100001011
93 68 001111001111
99 89 1010100001010
93 150 1010100110101
205 138 1010100110100
145 153 1010100110111
152 93 1010100110110
84 43 1010100110001
47 104 001111001110
80 76 1010100110000
74 91 1010100110011
44 48 1010100110010
48 37 1010100111101
43 108 1010100111100
67 37 1010100111111
44 37 1010100111110
127 116 1010100111001
191 196 001111001001
187 154 1010100111000
45 50 001111001000
87 61 1010100111011
39 61 1010100111010
134 129 1010100100101
158 182 1010100100100
173 74 1010100100111
69 51 1010100100110
56 58 001111001011
53 43 001111001010
169 99 1010100100001
58 62 1010100100000
56 48 000000101100
50 49 000000101111
46 70 001111110101
138 133 000000101110
151 158 1010100100011
139 137 1101110100
90 81 001111110100
74 111 001111110111
176 177 00100010010
177 176 001111110110
158 135 1010100100010
90 77 1010100101101
87 89 1010100101100
93 91 1010100101111
86 181 1010100101110
149 140 001111110001
152 142 1010100101001
131 69 1010100101000
42 41 001111110000
98 53 1010100101011
74 40 1010100101010
116 106 1010111010101
77 46 1010111010100
49 76 1010111010111
35 54 1010111010110
120 189 1010111010001
170 176 1010111010000
205 196 1010111010011
166 82 1010111010010
60 38 1010111011101
73 60 1010111011100
82 84 1010111011111
108 120 001111110011
133 145 1010111011110
153 180 1010111011001
64 50 000000101001
50 131 1010111011000
157 78 1010111011011
38 50 1010111011010
172 89 1010111000101
67 63 1010111000100
55 46 1010111000111
55 48 001111110010
46 101 1010111000110
91 81 1010111000001
72 110 1010111000000
146 164 001111111101
176 178 1101100101
95 73 1010111000011
83 102 1010111000010
48 163 1010111001101
124 187 1010111001100
153 112 1010111001111
74 42 1010111001110
52 94 1010111001001
47 71 1010111001000
77 55 1010111001011
113 127 1010111001010
110 50 1010111110101
41 51 001111111100
38 41 1010111110100
37 112 1010111110111
131 158 001111111111
166 195 1010111110110
196 181 001111111110
106 109 1010111110001
82 46 1010111110000
102 72 1010111110011
83 67 1010111110010
206 202 1010111111101
161 94 1010111111100
102 111 1010111111111
125 136 1010111111110
158 193 1010111111001
209 138 1010111111000
79 77 1010111111011
171 93 1010111111010
49 42 1010111100101
174 80 1010111100100
50 127 1010111100111
150 151 1101110111
100 94 1010111100110
91 80 1010111100001
70 109 1010111100000
177 178 1010111100011
160 135 1010111100010
96 86 1010111101101
89 102 001111111001
105 94 1010111101100
72 82 001111111000
83 166 1010111101111
173 230 1010111101110
129 75 1010111101001
44 40 1010111101000
95 77 1010111101011
43 75 1010111101010
83 78 1010110010101
43 46 001111111011
40 29 1010110010100
189 196 1010110010111
179 117 1010110010110
118 132 1010110010001
128 89 1010110010000
116 176 1010110010011
142 128 1010110010010
124 117 1010110011101
158 202 1010110011100
210 121 1010110011111
103 172 1010110011110
164 92 1010110011001
68 51 001111111010
174 89 1010110011000
83 59 1010110011011
55 49 1010110011010
149 153 001111100101
155 151 000000101000
138 149 1010110000101
101 93 1010110000100
70 111 1010110000111
163 138 1010110000110
100 79 1010110000001
94 106 1010110000000
113 53 1010110000011
74 142 1010110000010
149 144 1010110001101
173 65 1010110001100
48 90 1010110001111
100 93 1010110001110
97 36 1010110001001
77 79 1010110001000
131 142 001111100100
94 78 001111100111
46 45 001111100110
31 41 1010110001011
132 162 1010110001010
168 185 1010110110101
206 178 1010110110100
102 128 001111100001
135 139 001111100000
145 139 1010110110111
128 107 1010110110110
106 133 1010110110001
136 149 1010110110000
171 161 1010110110011
151 197 1010110110010
224 165 1010110111101
153 145 1010110111100
87 63 1010110111111
82 55 1010110111110
73 50 1010110111001
167 110 1010110111000
93 62 1010110111011
99 138 1010110111010
138 156 1010110100101
139 152 1010110100100
169 181 001111100011
99 90 1010110100111
66 108 1010110100110
144 163 1010110100001
164 139 1010110100000
99 80 1010110100011
91 98 1010110100010
115 70 1010110101101
94 48 1010110101100
133 109 1010110101111
95 57 1010110101110
39 66 1010110101001
105 76 1010110101000
127 43 1010110101011
52 39 001111100010
36 115 1010110101010
110 171 1010001010101
175 194 001111101101
186 86 1010001010100
148 139 1010001010111
146 142 000000101011
124 138 1010001010110
139 154 1010001010001
124 129 1010001010000
152 194 1010001010011
221 178 1010001010010
90 56 1010001011101
70 48 1010001011100
164 128 1010001011111
85 50 1010001011110
124 134 001111101100
133 148 001111101111
166 180 1010001011001
100 95 1010001011000
93 84 1010001011011
81 72 1010001011010
59 101 1010001000101
143 162 001111101110
165 139 001111101001
96 82 1010001000100
109 108 1010001000111
107 141 1010001000110
146 115 1010001000001
64 82 001111101000
69 41 1010001000000
77 71 1010001000011
99 48 1010001000010
40 70 1010001001101
59 118 1010001001100
106 88 001111101011
73 53 1010001001111
42 50 1010001001110
47 129 1010001001001
149 178 1010001001000
70 110 1010001001011
123 130 001111101010
126 145 1010001001010
146 189 001110010101
220 188 1010001110101
167 151 1010001110100
146 129 1010001110111
121 115 1010001110110
102 64 1010001110001
68 48 1010001110000
162 139 1010001110011
78 48 1010001110010
46 58 1010001111101
156 177 1010001111100
190 187 1010001111111
87 82 000000101010
77 67 1010001111110
57 98 1010001111001
138 160 000010010101
163 139 001110010100
98 78 001110010111
92 99 1010001111000
115 110 1010001111011
149 97 1010001111010
102 120 001110010110
103 82 1010001100101
84 36 1010001100100
50 96 1010001100111
114 64 1010001100110
52 49 001110010001
137 108 1010001100001
172 190 1010001100000
196 59 1010001100011
88 110 1010001100010
125 138 1010001101101
158 165 000010010100
168 171 001110010000
163 152 1010001101100
138 187 1010001101111
218 193 1010001101110
174 158 001110010011
145 136 1010001101001
110 67 1010001101000
41 62 1010001101011
68 42 1010001101010
59 44 1010000010101
44 53 001110010010
45 90 001110011101
138 134 001110011100
139 132 1010000010100
129 158 1010000010111
184 193 1010000010110
90 88 1010000010001
84 81 1010000010000
77 68 1010000010011
58 100 1010000010010
140 161 1010000011101
98 79 1010000011100
85 100 1010000011111
148 140 001110011111
132 57 1010000011110
81 56 1010000011001
65 65 001110011110
89 112 1010000011000
120 87 1010000011011
40 47 001110011001
77 110 1010000011010
123 48 1010000000101
78 118 1010000000100
80 51 1010000000111
43 63 1010000000110
119 152 1010000000001
186 198 1010000000000
94 59 1010000000011
98 115 1010000000010
126 134 1010000001101
144 154 1010000001100
161 170 1010000001111
172 176 1010000001110
135 179 1010000001001
218 200 1010000001000
169 161 1010000001011
149 137 1010000001010
114 65 1010000110101
49 61 1010000110100
74 43 1010000110111
59 41 1010000110110
45 51 1010000110001
43 112 1010000110000
144 138 1010000110011
135 131 1010000110010
151 177 1010000111101
197 193 1010000111100
189 190 1010000111111
83 81 1010000111110
78 75 1010000111001
73 65 1010000111000
56 98 1010000111011
142 161 1010000111010
162 140 001110011000
90 103 001110011011
107 119 001110011010
127 96 1010000100101
101 85 1010000100100
76 61 1010000100111
66 106 1010000100110
76 131 1010000100001
69 73 1010000100000
49 83 1010000100011
77 37 1010000100010
93 133 1010000101101
107 39 1010000101100
38 136 1010000101111
119 187 1010000101110
190 164 1010000101001
40 64 1010000101000
141 149 1010000101011
158 167 1010000101010
179 178 1010011010101
176 172 1010011010100
162 150 1010011010111
133 127 1010011010110
133 171 1010011010001
216 208 1010011010000
113 60 1010011010011
82 42 1010011010010
62 37 1010011011101
48 133 1010011011100
77 76 00100011101
73 72 1010011011111
69 62 1010011011110
53 95 1010011011001
143 160 1010011011000
174 175 000010010111
161 140 001110000101
95 79 1010011011011
86 99 001110000100
117 91 1010011011010
121 79 001110000111
106 78 1010011000101
96 53 001110000110
69 119 1010011000100
81 68 1010011000111
66 34 1010011000110
135 49 1010011000001
32 35 1010011000000
54 124 1010011000011
145 190 1010011000010
199 50 1010011001101
152 159 001110000001
168 174 1010011001100
172 167 1010011001111
135 166 1010011001110
211 213 001110000000
150 141 1010011001001
133 128 1010011001000
107 58 1010011001011
48 50 1101110110
84 39 1010011001010
145 141 1010011110101
86 37 001110000011
65 48 1010011110100
72 140 1010011110111
137 163 1010011110110
76 76 1010011110001
75 73 1010011110000
69 60 1010011110011
52 95 1010011110010
142 160 1010011111101
97 74 1010011111100
112 122 001110000010
144 94 1010011111111
62 131 001110001101
76 95 1010011111110
54 69 1010011111001
124 57 1010011111000
56 64 1010011111011
51 41 1010011111010
42 78 1010011100101
58 43 1010011100100
109 135 1010011100111
68 71 1010011100110
103 117 1010011100001
166 171 1010011100000
135 161 1010011100011
134 126 001110001100
84 35 1010011100010
114 38 1010011101101
58 42 1010011101100
105 138 1010011101111
142 159 000010010110
144 181 1010011101110
78 78 1010011101001
77 74 1010011101000
68 57 001110001111
49 93 1010011101011
141 159 1010011101010
100 111 1010010010101
148 116 1010010010100
124 56 001110001110
117 90 1010010010111
85 58 1010010010110
89 111 1010010010001
99 111 1010010010000
87 54 001110001001
65 56 1010010010011
37 34 1010010010010
68 88 1010010011101
131 171 1010010011100
51 122 1010010011111
29 39 1010010011110
204 164 1010010011001
34 38 1010010011000
69 67 1010010011011
102 117 1010010011010
160 164 1010010000101
151 140 1010010000100
123 119 1010010000111
130 153 1010010000110
196 224 1010010000001
149 138 000010010001
132 123 1010010000000
79 46 1010010000011
50 63 001110001000
82 35 1010010000010
106 148 1010010001101
129 35 1010010001100
126 136 001110001011
153 156 000010010000
165 194 1010010001111
208 208 00001111001
205 202 000010010011
79 79 1010010001110
77 73 001110001010
139 159 1010010001001
96 74 001110110101
82 107 1010010001000
118 126 001110110100
124 54 1010010001011
107 99 1010010001010
80 103 1010010110101
104 118 001110110111
77 65 1010010110100
70 83 1010010110111
70 120 1010010110110
83 124 001110110110
40 56 1010010110001
35 105 1010010110000
116 186 1010010110011
194 42 1010010110010
40 35 001110110001
93 74 1010010111101
98 117 1010010111100
134 142 1010010111111
152 156 1010010111110
146 132 000010010010
126 146 1010010111001
187 229 1010010111000
165 152 1010010111011
151 137 1010010111010
131 117 1010010100101
61 44 1010010100100
52 68 1010010100111
75 36 1010010100110
83 162 1010010100001
143 39 1010010100000
38 67 1010010100011
142 135 1010010100010
183 196 1010010101101
194 191 1010010101100
206 206 1101100100
206 207 000010011101
82 81 001110110000
77 72 1010010101111
64 51 00100011100
43 88 1010010101110
164 140 1010010101001
95 70 1010010101000
97 128 1010010101011
105 117 1010010101010
91 74 1011101010101
75 115 1011101010100
82 73 1011101010111
103 48 001110110011
126 112 1011101010110
50 31 1011101010001
64 101 1011101010000
94 146 1011101010011
91 62 1011101010010
37 33 001110110010
120 127 00100011111
105 157 1011101011101
136 37 1011101011100
99 72 1011101011111
93 115 1011101011110
150 153 001110111101
139 123 1011101011001
120 136 1011101011000
137 131 1011101011011
128 143 1011101011010
181 230 1011101000101
169 147 001110111100
148 134 1011101000100
128 108 1011101000111
47 44 1011101000110
48 70 1011101000001
71 33 1011101000000
58 163 1011101000011
149 54 1011101000010
36 94 1011101001101
141 134 001110111111
132 167 1011101001100
199 205 001110111110
208 206 001110111001
85 80 001110111000
77 75 1011101001111
65 59 001110111011
48 93 001110111010
136 159 1011101001110
174 178 001110100101
166 139 001110100100
103 97 1011101001001
101 119 1011101001000
83 64 1011101001011
68 67 1011101001010
113 54 1011101110101
114 74 1011101110100
141 92 1011101110111
55 32 1011101110110
33 91 1011101110001
75 35 1011101110000
159 175 1011101110011
181 168 1011101110010
54 35 1011101111101
41 39 1011101111100
99 70 1011101111111
97 113 1011101111110
146 148 1011101111001
118 135 1011101111000
173 207 1011101111011
141 138 000010011100
123 70 1011101111010
40 48 1011101100101
49 70 1011101100100
70 45 1011101100111
39 167 1011101100110
33 113 1011101100001
146 141 1011101100000
147 150 000010011111
140 182 1011101100011
195 194 1011101100010
192 198 001110100111
81 78 1011101101101
68 64 000010011110
62 107 001110100110
104 76 1011101101100
76 72 1011101101111
69 88 001110100001
86 91 1011101101110
160 61 1011101101001
57 40 1011101101000
59 61 1011101101011
36 42 1011101101010
83 113 001110100000
34 97 1011100010101
163 188 1011100010100
181 46 001110100011
107 84 1011100010111
131 138 000010011001
122 115 1011100010110
87 101 1011100010001
96 119 1011100010000
151 184 1011100010011
159 145 1011100010010
142 133 1011100011101
113 51 1011100011100
58 73 001110100010
70 47 1011100011111
37 157 1011100011110
131 76 1011100011001
56 132 1011100011000
157 152 1011100011011
152 189 1011100011010
196 203 1011100000101
207 206 1011100000100
78 76 001110101101
69 66 000010011000
77 120 1011100000111
167 142 1011100000110
102 70 001110101100
107 116 001110101111
75 76 1011100000001
72 67 1011100000000
93 80 1011100000011
111 93 1011100000010
93 42 1011100001101
46 151 1011100001100
40 33 1011100001111
105 53 1011100001110
82 108 1011100001001
112 106 1011100001000
120 184 1011100001011
67 32 1011100001010
63 60 001110101110
44 49 001110101001
116 79 1011100110101
130 135 001110101000
144 148 001110101011
136 126 1011100110100
119 155 1011100110111
186 175 1011100110110
157 146 1011100110001
81 46 1011100110000
44 51 000010011011
57 69 1011100110011
69 56 1011100110010
41 145 1011100111101
133 91 1011100111100
68 137 1011100111111
164 193 1011100111110
202 208 1011100111001
208 209 000010011010
209 209 00100011110
208 207 00100011001
70 67 1011100111000
87 128 001110101010
168 170 1011100111011
167 144 1011100111010
88 94 1011100100101
67 60 000010000101
63 64 110001010101
105 50 1011100100100
78 71 1011100100111
78 134 1011100100110
132 47 1011100100001
50 130 1011100100000
57 58 1011100100011
49 115 1011100100010
117 153 1011100101101
153 105 1011100101100
141 153 1011100101111
40 50 1011100101110
116 86 1011100101001
110 119 1011100101000
129 135 110001010100
144 175 110001010111
157 193 1011100101011
195 174 1011100101010
150 146 110001010110
132 120 1011111010101
41 57 1011111010100
41 123 1011111010111
134 89 1011111010110
90 143 1011111010001
146 158 1011111010000
132 133 000010000100
173 194 1011111010011
205 208 00001111000
209 208 00100011000
74 72 110001010001
67 64 1011111010010
87 127 110001010000
153 163 1011111011101
175 177 1011111011100
166 144 110001010011
105 70 1011111011111
117 125 1011111011110
74 70 1011111011001
69 76 1011111011000
87 103 1011111011011
93 120 1011111011010
145 77 1011111000101
101 87 1011111000100
47 60 1011111000111
64 153 1011111000110
164 180 1011111000001
93 98 1011111000000
183 45 1011111000011
51 62 1011111000010
112 92 1011111001101
130 137 1011111001100
142 143 000010000111
148 151 00100011011
149 143 1011111001111
159 195 1011111001110
183 195 1011111001001
192 170 1011111001000
136 85 1011111001011
46 65 110001010010
62 57 1011111001010
38 98 1011111110101
141 82 1011111110100
118 148 1011111110111
133 137 000010000110
180 196 1011111110110
207 207 000010000001
209 210 1011111110001
71 68 1011111110000
70 69 1011111110011
169 172 00100011010
167 145 1011111110010
105 67 1011111111101
88 103 1011111111100
120 125 110001011101
60 84 1011111111111
121 47 1011111111110
61 69 110001011100
68 87 1011111111001
65 73 1011111111000
64 110 1011111111011
148 53 1011111111010
60 85 1011111100101
102 150 1011111100100
184 124 1011111100111
87 148 1011111100110
44 69 1011111100001
130 138 1011111100000
144 149 110001011111
147 153 1011111100011
170 206 1011111100010
186 196 1011111101101
193 173 1011111101100
130 50 1011111101111
53 63 1011111101110
77 66 110001011110
41 82 1011111101001
154 91 1011111101000
130 143 1011111101011
131 141 1011111101010
182 198 1011110010101
207 209 110001011001
68 65 110001011000
66 69 1011110010100
66 65 110001011011
82 125 1011110010111
170 173 000010000000
177 180 110001011010
169 146 1011110010110
103 73 1011110010001
103 124 110001000101
63 54 1011110010000
95 61 1011110010011
76 59 1011110010010
67 84 1011110011101
76 75 1011110011100
85 55 1011110011111
79 39 1011110011110
122 168 1011110011001
161 106 1011110011000
119 80 1011110011011
53 39 1011110011010
52 67 1011110000101
59 43 1011110000100
94 111 1011110000111
129 134 1011110000110
158 174 1011110000001
189 171 1011110000000
168 163 1011110000011
95 40 1011110000010
82 69 1011110001101
42 66 1011110001100
158 110 1011110001111
127 145 1011110001110
184 200 1011110001001
204 209 1011110001000
209 211 000010000011
212 211 000010000010
211 211 1100111001
59 56 110001000100
59 64 110001000111
64 65 1011110001011
80 125 1011110001010
153 166 1011110110101
178 180 000010001101
169 145 110001000110
126 90 1011110110100
110 136 1011110110111
51 74 1011110110110
90 61 1011110110001
67 54 1011110110000
62 121 1011110110011
102 86 1011110110010
71 106 1011110111101
78 98 1011110111100
96 115 1011110111111
132 174 1011110111110
208 186 1011110111001
109 98 1011110111000
167 45 1011110111011
50 67 1011110111010
71 42 1011110100101
104 96 1011110100100
86 105 1011110100111
124 96 1011110100110
116 116 1011110100001
116 122 1011110100000
135 104 1011110100011
105 100 1011110100010
56 44 1011110101101
52 50 110001000001
50 78 1011110101100
69 64 1011110101111
36 52 1011110101110
158 130 1011110101001
128 151 1011110101000
188 205 1011110101011
209 212 000010001100
213 212 000010001111
50 56 110001000000
59 68 1011110101010
60 69 1011001010101
89 125 1011001010100
165 141 1011001010111
51 60 110001000011
38 68 1011001010110
73 71 1011001010001
57 132 1011001010000
103 85 1011001010011
133 65 1011001010010
58 130 1011001011101
131 199 1011001011100
202 103 1011001011111
91 173 1011001011110
76 48 110001000010
74 103 1011001011001
134 136 000010001110
110 105 110001001101
110 117 1011001011000
140 137 11001100101
125 134 1011001011011
146 91 1011001011010
50 47 110001001100
52 56 1011001000101
78 73 1011001000100
156 147 1011001000111
144 145 00001111011
206 210 110001001111
212 212 110001001110
211 212 1011001000110
58 72 110001001001
91 128 1011001000001
153 164 1011001000000
167 148 1011001000011
81 106 1011001000010
119 101 110001001000
70 104 000010001001
54 47 110001001011
88 58 1011001001101
56 157 1011001001100
71 90 1011001001111
112 84 1011001001110
65 107 110001001010
120 145 1011001001001
134 148 1011001001000
151 113 1011001001011
167 84 1011001001010
47 42 000010001000
71 46 1011001110101
69 96 1011001110100
113 121 110001110101
119 123 1011001110111
144 136 1011001110110
125 119 110001110100
143 164 1011001110001
177 182 1011001110000
189 146 1011001110011
125 57 1011001110010
87 78 1011001111101
62 64 1011001111100
156 149 1011001111111
124 161 1011001111110
199 213 1011001111001
215 213 110001110111
210 209 1011001111000
56 75 1011001111011
88 122 1011001111010
173 177 110001110110
173 158 1011001100101
108 67 1011001100100
80 149 1011001100111
108 87 1011001100110
64 116 1011001100001
48 44 1011001100000
74 150 1011001100011
113 81 110001110001
113 206 1011001100010
108 164 1011001101101
122 56 1011001101100
66 50 1011001101111
71 82 1011001101110
61 85 1011001101001
106 115 1011001101000
136 140 110001110000
132 126 1011001101011
127 143 1011001101010
147 138 1011000010101
83 47 1011000010100
37 53 1011000010111
63 50 1011000010110
86 82 1011000010001
66 62 1011000010000
140 132 1011000010011
123 163 1011000010010
207 216 110001110011
212 210 11001100100
210 213 110001110010
214 215 1011000011101
213 211 1011000011100
208 205 000010001011
54 81 1011000011111
89 117 1011000011110
146 161 110001111101
169 150 1011000011001
96 66 1011000011000
101 64 1011000011011
67 103 110001111100
68 56 1011000011010
98 131 1011000000101
95 110 1011000000100
85 67 1011000000111
135 100 1011000000110
85 121 1011000000001
119 200 1011000000000
178 165 1011000000011
61 48 1011000000010
59 62 1011000001101
64 58 110001111111
59 74 1011000001100
95 106 000010001010
140 140 00001111010
116 115 1011000001111
119 125 1011000001110
134 146 1011000001001
151 102 1011000001000
79 81 110001111110
69 63 110001111001
138 130 1011000001011
120 164 1011000001010
212 217 11001100111
214 213 110001111000
213 215 110001111011
214 212 1011000110101
208 212 11001100110
57 93 1011000110100
98 121 1011000110111
165 144 1011000110110
99 65 1011000110001
116 92 1011000110000
89 61 1011000110011
75 60 1011000110010
43 60 1011000111101
57 51 1011000111100
130 136 1011000111111
89 133 1011000111110
72 119 1011000111001
116 194 1011000111000
193 55 1011000111011
57 61 1011000111010
60 61 1011000100101
53 59 1011000100100
66 68 110001111010
137 136 11001110001
154 143 110001100101
133 48 1011000100111
51 40 1011000100110
57 49 110001100100
46 52 1011000100001
80 82 1011000100000
63 56 1011000100011
137 128 1011000100010
116 168 1011000101101
214 217 1011000101100
211 210 110001100111
61 97 1011000101111
103 122 1011000101110
141 157 1011000101001
180 180 1011000101000
166 146 1011000101011
101 69 1011000101010
88 111 1011011010101
84 53 1011011010100
42 79 1011011010111
44 59 1011011010110
108 103 1011011010001
85 127 1011011010000
101 84 1011011010011
104 203 1011011010010
68 46 1011011011101
49 56 1011011011100
56 60 1011011011111
52 58 1011011011110
71 75 1011011011001
90 108 1011011011000
142 147 110001100110
164 171 110001100001
152 145 1011011011011
104 50 1011011011010
46 48 110001100000
63 52 110001100011
86 89 1011011000101
72 71 1011011000100
65 57 1011011000111
144 152 1011011000110
136 128 1011011000001
116 177 1011011000000
217 216 1011011000011
210 208 110001100010
59 92 1011011000010
100 123 1011011001101
105 62 1011011001100
116 55 1011011001111
49 78 1011011001110
43 52 11011110101
56 89 1011011001001
137 113 1011011001000
117 129 110001101101
81 52 110001101100
45 60 1011011001011
46 53 11011110100
52 57 110001101111
55 58 110001101110
60 53 1011011001010
97 117 1011011110101
58 59 1011011110100
59 59 110001101001
48 63 1011011110111
89 93 1011011110110
75 77 1011011110001
64 55 110001101000
142 150 1011011110000
118 189 1011011110011
214 211 1011011110010
201 192 1011011111101
53 84 1011011111100
99 129 1011011111111
174 180 1011011111110
97 61 1011011111001
79 86 1011011111000
67 75 1011011111011
52 78 1011011111010
110 123 1011011100101
142 129 1011011100100
136 130 1011011100111
81 74 1011011100110
57 62 1011011100001
71 55 1011011100000
77 105 1011011100011
113 122 1011011100010
132 139 1011011101101
143 149 1011011101100
169 159 1011011101111
43 59 110001101011
54 62 1011011101110
54 75 110001101010
90 92 1011011101001
72 79 1011011101000
66 55 110000010101
145 142 11011110111
120 197 1011011101011
224 216 1011011101010
211 214 11011110110
212 208 1011010010101
201 187 1011010010100
154 121 1011010010111
47 80 1011010010110
100 121 1011010010001
141 163 1011010010000
175 180 1011010010011
168 143 1011010010010
91 59 1011010011101
124 84 1011010011100
67 58 1011010011111
58 69 1011010011110
43 55 1011010011001
81 131 1011010011000
67 77 1011010011011
87 122 1011010011010
132 154 1011010000101
138 128 1011010000100
59 73 1011010000111
40 57 1011010000110
55 56 1011010000001
66 74 1011010000000
58 53 1011010000011
61 65 1011010000010
70 90 1011010001101
58 67 110000010100
90 85 110000010111
76 84 1011010001100
66 63 1011010001111
140 135 1011010001110
132 118 1011010001001
129 205 1011010001000
220 212 1011010001011
206 211 1011010001010
199 190 1011010110101
172 109 1011010110100
87 111 1011010110111
141 160 1011010110110
175 173 1011010110001
158 138 1011010110000
97 158 1011010110011
75 63 1011010110010
73 129 1011010111101
120 81 1011010111100
60 125 1011010111111
81 128 1011010111110
79 139 1011010111001
116 45 1011010111000
54 76 1011010111011
58 54 1011010111010
78 92 1011010100101
111 120 110000010110
172 154 1011010100100
88 60 1011010100111
59 58 1011010100110
49 57 11011110001
58 52 1011010100001
78 83 110000010001
72 68 1011010100000
111 112 1011010100011
127 113 1011010100010
152 207 1011010101101
219 212 1011010101100
203 196 1011010101111
177 113 1011010101110
56 40 1011010101001
58 57 110000010000
51 43 11011110000
42 61 1011010101000
75 103 1011010101011
136 162 1011010101010
163 145 1000101010101
175 98 1000101010100
64 61 1000101010111
60 48 1000101010110
72 129 1000101010001
128 94 1000101010000
42 106 1000101010011
134 98 1000101010010
103 139 1000101011101
113 66 1000101011100
161 136 1000101011111
63 81 1000101011110
50 66 1000101011001
48 53 110000010011
55 60 1000101011000
52 73 1000101011011
93 114 1000101011010
128 133 110000010010
138 145 1000101000101
157 167 1000101000100
180 200 1000101000111
120 64 1000101000110
56 74 1000101000001
98 87 1000101000000
78 89 1000101000011
73 70 1000101000010
169 149 110000011101
114 115 1000101001101
113 114 1000101001100
131 128 1000101001111
174 211 1000101001110
213 205 1000101001001
209 200 1000101001000
202 176 1000101001011
132 61 1000101001010
32 47 1000101110101
67 78 1000101110100
99 84 1000101110111
49 62 1000101110110
61 81 1000101110001
128 156 1000101110000
176 181 1000101110011
102 65 1000101110010
66 112 1000101111101
81 47 1000101111100
97 67 1000101111111
66 75 1000101111110
126 135 1000101111001
139 86 1000101111000
160 84 1000101111011
120 37 1000101111010
58 77 1000101100101
45 67 1000101100100
49 53 110000011100
49 67 1000101100111
94 115 1000101100110
132 136 1000101100001
157 172 1000101100000
136 54 1000101100011
48 38 1000101100010
47 87 1000101101101
102 81 1000101101100
73 86 1000101101111
169 141 1000101101110
131 125 1000101101001
107 110 1000101101000
113 102 110000011111
171 210 1000101101011
209 202 1000101101010
183 122 1000100010101
60 44 1000100010100
85 84 110000011110
102 79 110000011001
62 60 1000100010111
50 70 1000100010110
119 156 1000100010001
170 149 1000100010000
174 42 1000100010011
38 39 1000100010010
44 99 1000100011101
31 48 1000100011100
121 77 1000100011111
81 38 1000100011110
89 106 1000100011001
61 99 1000100011000
104 119 1000100011011
109 121 1000100011010
157 82 1000100000101
87 59 1000100000100
58 71 1000100000111
40 71 1000100000110
49 55 1000100000001
51 63 1000100000000
94 116 1000100000011
142 148 1000100000010
160 176 1000100001101
189 191 1000100001100
193 196 1000100001111
205 200 1000100001110
106 39 1000100001001
47 70 1000100001000
103 83 1000100001011
71 83 1000100001010
72 65 1000100110101
140 136 1000100110100
119 113 1000100110111
106 102 1000100110110
95 91 110000011000
99 112 1000100110001
159 204 1000100110000
204 207 1000100110011
205 184 1000100110010
84 86 1000100111101
129 110 1000100111100
118 151 1000100111111
162 147 1000100111110
95 43 1000100111001
127 79 1000100111000
63 45 1000100111011
94 65 1000100111010
114 89 1000100100101
76 74 1000100100100
116 100 1000100100111
149 131 1000100100110
99 140 110000011011
55 143 1000100100001
53 56 1000100100000
45 74 1000100100011
58 50 110000011010
60 74 1000100100010
57 57 1000100101101
90 116 1000100101100
145 157 1000100101111
166 174 1000100101110
184 186 1000100101001
190 197 1000100101000
193 205 1000100101011
211 153 1000100101010
69 81 1000111010101
71 66 1000111010100
153 137 1000111010111
137 135 11011110011
105 97 1000111010110
106 125 1000111010001
107 74 1000111010000
167 206 1000111010011
182 113 1000111010010
92 78 110000000101
114 88 1000111011101
52 62 110000000100
121 158 1000111011100
175 170 1000111011111
200 90 1000111011110
73 46 1000111011001
43 40 110000000111
83 98 110000000110
70 62 1000111011000
69 112 1000111011011
56 68 1000111011010
70 65 1000111000101
59 99 1000111000100
136 141 1000111000111
95 90 1000111000110
66 54 1000111000001
42 71 1000111000000
53 53 110000000001
62 53 1000111000011
52 66 1000111000010
66 88 1000111001101
64 49 1000111001100
83 117 1000111001111
122 129 1000111001110
136 139 11001110000
149 160 1000111001001
185 189 1000111001000
211 219 1000111001011
173 43 1000111001010
80 59 1000111110101
60 73 1000111110100
63 69 1000111110111
120 111 1000111110110
115 131 1000111110001
116 91 1000111110000
188 212 1000111110011
208 200 1000111110010
144 52 1000111111101
55 90 1000111111100
95 103 110000000000
90 84 1000111111111
122 132 1000111111110
149 152 11011110010
136 107 1000111111001
60 62 1000111111000
120 153 1000111111011
210 136 1000111111010
36 38 1000111100101
64 59 1000111100100
47 53 1000111100111
47 102 1000111100110
72 66 1000111100001
75 74 1000111100000
132 73 1000111100011
167 90 1000111100010
151 49 1000111101101
55 74 1000111101100
57 55 1000111101111
66 56 110000000011
58 75 1000111101110
72 51 1000111101001
116 111 110000000010
140 147 110000001101
154 161 1000111101000
164 170 1000111101011
181 188 110000001100
213 170 1000111101010
55 67 1000110010101
70 77 1000110010100
143 139 1000110010111
132 128 110000001111
207 181 1000110010110
115 48 1000110010001
94 89 1000110010000
90 95 1000110010011
87 92 1000110010010
140 162 1000110011101
161 125 1000110011100
119 157 1000110011111
166 145 1000110011110
146 76 1000110011001
34 49 1000110011000
74 58 1000110011011
100 54 1000110011010
99 55 1000110000101
73 66 1000110000100
138 127 1000110000111
124 94 1000110000110
66 147 1000110000001
157 43 1000110000000
36 77 1000110000011
62 113 1000110000010
99 45 1000110001101
84 117 1000110001100
114 135 1000110001111
213 219 110000001110
116 41 1000110001110
51 101 1000110001001
140 145 1000110001000
125 135 1000110001011
128 154 1000110001010
204 215 1000110110101
200 149 1000110110100
79 80 1000110110111
96 108 1000110110110
110 96 1000110110001
89 100 1000110110000
39 78 1000110110011
129 163 1000110110010
167 138 1000110111101
73 54 1000110111100
119 158 1000110111111
167 147 1000110111110
172 85 1000110111001
38 49 1000110111000
51 42 1000110111011
53 40 1000110111010
114 45 1000110100101
61 37 1000110100100
89 49 1000110100111
94 84 1000110100110
60 97 1000110100001
89 126 1000110100000
137 149 1000110100011
42 96 1000110100010
131 38 1000110101101
37 65 1000110101100
70 53 110000001001
70 113 1000110101111
105 43 1000110101110
80 119 1000110101001
123 132 1000110101000
131 134 1000110101011
160 163 1000110101010
185 191 1000001010101
210 56 1000001010100
48 128 1000001010111
123 139 1000001010110
212 209 1000001010001
194 115 1000001010000
79 87 1000001010011
97 105 1000001010010
28 55 1000001011101
120 165 1000001011100
172 148 1000001011111
74 44 1000001011110
118 158 1000001011001
177 179 1000001011000
39 40 1000001011011
55 65 1000001011010
41 53 1000001000101
130 43 1000001000100
76 38 1000001000111
50 83 1000001000110
81 54 1000001000001
86 100 1000001000000
109 71 1000001000011
84 133 1000001000010
63 67 1000001001101
160 55 1000001001100
33 73 1000001001111
61 50 110000001000
69 48 1000001001110
87 104 1000001001001
104 43 1000001001000
85 118 1000001001011
138 139 00011101101
157 161 110000001011
175 181 1000001001010
183 190 1000001110101
224 154 1000001110100
37 144 1000001110111
133 160 1000001110110
176 203 1000001110001
214 210 1000001110000
214 205 1000001110011
167 91 1000001110010
110 98 1000001111101
87 93 110000001010
31 44 1000001111100
112 162 1000001111111
172 151 1000001111110
71 37 1000001111001
117 157 110000110101
171 152 110000110100
130 114 1000001111000
48 51 110000110111
138 39 1000001111011
80 34 1000001111010
47 66 1000001100101
52 44 1000001100100
59 94 1000001100111
99 73 1000001100110
79 142 1000001100001
135 141 110000110110
39 80 1000001100000
61 46 110000110001
107 46 1000001100011
92 117 1000001100010
164 169 1000001101101
195 200 1000001101100
206 208 11011111101
43 34 1000001101111
31 145 1000001101110
161 190 1000001101001
199 209 1000001101000
214 216 110000110000
213 194 1000001101011
131 90 1000001101010
92 98 1000000010101
108 111 1000000010100
105 92 1000000010111
89 98 1000000010110
103 98 1000000010001
31 36 1000000010000
172 152 11011111100
162 76 1000000010011
121 46 1000000010010
75 86 1000000011101
116 73 1000000011100
65 149 1000000011111
115 61 1000000011110
152 126 1000000011001
119 47 1000000011000
91 117 1000000011011
136 136 110000110011
154 158 1000000011010
162 166 1000000000101
170 175 110000110010
181 187 11011111111
218 220 1000000000100
124 30 1000000000111
30 147 1000000000110
123 135 1000000000001
195 213 1000000000000
216 214 1000000000011
208 172 1000000000010
106 90 1000000001101
96 104 1000000001100
30 33 1000000001111
90 153 1000000001110
174 153 1000000001001
80 40 1000000001000
116 158 1000000001011
135 55 1000000001010
48 42 1000000110101
61 105 1000000110100
99 38 1000000110111
37 37 1000000110110
70 60 1000000110001
112 71 1000000110000
89 139 1000000110011
148 135 1000000110010
136 146 1000000111101
125 101 1000000111100
47 64 110000111101
60 58 1000000111111
55 54 1000000111110
63 87 110000111100
118 45 1000000111001
91 118 1000000111000
135 137 00011101100
181 186 1000000111011
192 197 1000000111010
203 206 1000000100101
209 213 110000111111
200 33 1000000100100
42 133 1000000100111
121 148 1000000100110
217 212 1000000100001
199 145 1000000100000
91 100 1000000100011
102 106 1000000100010
30 35 1000000101101
85 154 1000000101100
174 155 110000111110
112 156 1000000101111
178 177 1000000101110
169 151 1000000101001
119 64 1000000101000
59 45 1000000101011
68 52 1000000101010
84 50 1000011010101
44 70 1000011010100
49 43 1000011010111
48 61 1000011010110
62 109 1000011010001
122 101 1000011010000
130 160 1000011010011
107 64 1000011010010
45 56 110000111001
73 107 1000011011101
109 49 1000011011100
97 122 1000011011111
129 132 1000011011110
138 136 1000011011001
135 136 110000111000
214 34 1000011011000
48 136 1000011011011
125 163 1000011011010
217 211 1000011000101
176 125 1000011000100
97 102 1000011000111
92 95 110000111011
28 33 1000011000110
80 153 1000011000001
103 39 1000011000000
108 154 1000011000011
174 174 1000011000010
167 150 1000011001101
140 64 1000011001100
43 57 110000111010
57 46 1000011001111
83 53 1000011001110
35 76 1000011001001
130 91 1000011001000
39 72 1000011001011
59 93 1000011001010
125 117 1000011110101
113 85 1000011110100
82 113 1000011110111
122 126 1000011110110
107 56 1000011110001
156 160 110000100101
207 210 1000011110000
213 213 110000100100
219 84 1000011110011
70 138 1000011110010
128 176 1000011111101
204 214 1000011111100
213 204 1000011111111
108 101 1000011111110
108 92 1000011111001
90 101 110000100111
103 94 1000011111000
88 89 1000011111011
27 36 1000011111010
58 146 1000011100101
173 159 1000011100100
102 42 1000011100111
171 148 1000011100110
135 54 1000011100001
45 42 1000011100000
41 50 110000100110
44 57 11011111110
66 48 1000011100011
61 43 1000011100010
42 42 110000100001
94 46 1000011101101
50 100 1000011101100
67 50 1000011101111
57 81 1000011101110
66 49 1000011101001
121 133 1000011101000
109 130 1000011101011
135 135 110000100000
164 167 1000011101010
170 179 1000010010101
189 194 1000010010100
212 176 1000010010111
90 141 1000010010110
129 166 1000010010001
199 218 1000010010000
208 189 1000010010011
128 112 1000010010010
113 97 1000010011101
93 100 1000010011100
87 88 1000010011111
101 97 1000010011110
34 37 1000010011001
55 140 1000010011000
171 163 1000010011011
112 51 1000010011010
105 152 1000010000101
149 57 1000010000100
38 58 1000010000111
72 63 1000010000110
60 56 110000100011
61 40 1000010000001
70 91 1000010000000
101 128 1000010000011
133 94 1000010000010
58 46 1000010001101
56 46 1000010001100
55 81 1000010001111
107 120 1000010001110
128 122 1000010001001
67 87 1000010001000
117 133 1000010001011
170 178 1000010001010
187 193 1000010110101
205 207 110000100010
210 214 110000101101
218 199 1000010110100
101 146 1000010110111
136 148 1000010110110
144 142 110000101100
133 146 1000010110001
171 186 1000010110000
201 217 1000010110011
209 174 1000010110010
117 111 1000010111101
76 93 1000010111100
89 91 1000010111111
38 35 1000010111110
49 131 1000010111001
120 58 1000010111000
103 151 1000010111011
169 148 1000010111010
161 63 1000010100101
51 38 1000010100100
57 45 1000010100111
46 59 1000010100110
46 90 1000010100001
48 65 1000010100000
70 54 1000010100011
77 117 1000010100010
79 53 1000010101101
127 137 1000010101100
106 51 1000010101111
46 42 1000010101110
64 90 1000010101001
126 113 1000010101000
56 96 1000010101011
127 136 1000010101010
169 175 110000101111
203 207 1001101010101
108 124 1001101010100
147 140 1001101010111
135 156 1001101010110
206 218 1001101010001
206 156 1001101010000
114 106 1001101010011
95 93 1001101010010
95 83 110000101110
82 99 1001101011101
104 90 1001101011100
39 33 1001101011111
46 126 1001101011110
126 60 1001101011001
100 149 1001101011000
171 150 1001101011011
145 73 1001101011010
64 42 1001101000101
56 56 1001101000100
39 59 1001101000111
52 81 110000101001
116 75 1001101000110
117 62 1001101000001
91 127 1001101000000
41 58 1001101000011
37 56 1001101000010
44 42 11011111001
73 102 1001101001101
124 89 1001101001100
66 109 1001101001111
167 172 1001101001110
180 188 1001101001001
169 105 1001101001000
79 83 110000101000
98 110 1001101001011
122 130 1001101001010
139 142 00011111011
138 152 1001101110101
151 138 1001101110100
131 162 1001101110111
194 140 1001101110110
111 91 1001101110001
88 98 1001101110000
95 86 1001101110011
96 100 1001101110010
89 70 1001101111101
36 30 1001101111100
44 124 1001101111111
133 60 1001101111110
96 146 1001101111001
173 154 1001101111000
57 64 1001101111011
55 62 1001101111010
68 50 1001101100101
47 46 1001101100100
70 102 1001101100111
132 84 1001101100110
66 46 110000101011
61 61 1001101100001
44 41 1001101100000
49 69 1001101100011
86 113 1001101100010
113 52 1001101101101
86 127 1001101101100
150 152 1001101101111
165 169 1001101101110
176 185 1001101101001
210 212 1001101101000
208 73 1001101101011
76 71 110000101010
74 81 1001101101010
100 109 1001100010101
120 131 1001100010100
144 128 1001100010111
135 189 1001100010110
218 213 1001100010001
172 118 1001100010000
85 90 1001100010011
74 87 1001100010010
80 60 1001100011101
34 31 1001100011100
42 116 1001100011111
143 62 1001100011110
95 144 11011111000
169 173 11011111011
175 156 1001100011001
101 83 1001100011000
76 41 1001100011011
45 66 1001100011010
54 64 1001100000101
32 87 1001100000100
112 135 1001100000111
112 74 1001100000110
112 58 1001100000001
56 79 1001100000000
109 133 1001100000011
155 158 11011111010
188 195 001001010101
217 215 1001100000010
217 73 1001100001101
74 68 1001100001100
67 68 1001100001111
74 83 1001100001110
110 137 1001100001001
153 205 1001100001000
217 199 1001100001011
142 95 1001100001010
65 70 001001010100
87 80 1001100110101
80 105 1001100110100
92 90 1001100110111
91 96 1001100110110
56 113 1001100110001
155 72 1001100110000
51 58 1001100110011
46 68 1001100110010
40 58 1001100111101
93 132 1001100111100
107 117 1001100111111
91 99 1001100111110
35 46 1001100111001
64 87 1001100111000
47 84 1001100111011
206 205 1001100111010
213 123 1001100100101
92 105 1001100100100
60 132 1001100100111
192 180 1001100100110
168 206 1001100100001
214 178 1001100100000
101 71 1001100100011
61 74 1001100100010
82 83 1001100101101
99 85 1001100101100
79 118 1001100101111
168 183 1001100101110
164 84 1001100101001
52 61 1001100101000
61 62 1001100101011
40 81 1001100101010
128 134 1001111010101
107 103 1001111010100
41 40 1001111010111
78 104 1001111010110
106 50 1001111010001
56 121 1001111010000
143 148 1001111010011
157 163 1001111010010
169 174 1001111011101
180 189 1001111011100
211 215 1001111011111
216 183 1001111011110
87 100 1001111011001
80 62 1001111011000
39 165 1001111011011
209 167 1001111011010
182 209 1001111000101
200 139 1001111000100
72 77 1001111000111
73 93 1001111000110
108 86 1001111000001
83 82 1001111000000
91 106 1001111000011
77 90 1001111000010
170 181 1001111001101
168 105 1001111001100
96 143 1001111001111
167 175 1001111001110
174 146 1001111001001
107 83 1001111001000
46 56 1001111001011
65 49 1001111001010
63 58 1001111110101
58 64 1001111110100
35 42 1001111110111
44 75 1001111110110
42 56 1001111110001
109 123 1001111110000
132 138 1001111110011
178 185 1001111110010
193 199 1001111111101
208 213 1001111111100
214 214 1001111111111
75 99 1001111111110
103 92 1001111111001
54 147 1001111111000
200 193 1001111111011
193 193 1001111111010
137 61 1001111100101
48 67 1001111100100
69 70 1001111100111
92 75 1001111100110
74 85 1001111100001
97 81 1001111100000
64 60 1001111100011
75 97 1001111100010
112 129 1001111101101
164 109 1001111101100
97 143 1001111101111
176 155 1001111101110
121 87 1001111101001
48 74 1001111101000
75 59 1001111101011
79 43 1001111101010
55 82 1001110010101
62 86 1001110010100
44 38 1001110010111
36 49 1001110010110
66 83 1001110010001
101 108 1001110010000
68 45 1001110010011
118 128 1001110010010
134 139 1001110011101
163 169 1001110011100
175 182 1001110011111
102 88 1001110011110
79 74 1001110011001
79 148 1001110011000
169 124 1001110011011
80 49 1001110011010
70 84 1001110000101
78 70 1001110000100
82 95 1001110000111
90 75 1001110000110
52 88 1001110000001
111 116 1001110000000
157 179 1001110000011
165 112 1001110000010
176 159 1001110001101
99 69 1001110001100
70 50 1001110001111
77 58 1001110001110
97 59 1001110001001
51 87 1001110001000
45 57 1001110001011
64 56 1001110001010
85 133 1001110110101
55 47 1001110110100
68 92 1001110110111
111 121 1001110110110
146 150 1001110110001
163 168 1001110110000
186 192 1001110110011
212 214 1001110110010
152 84 1001110111101
97 94 1001110111100
87 146 1001110111111
199 176 1001110111110
110 73 1001110111001
66 71 1001110111000
76 70 1001110111011
101 82 1001110111010
66 66 1001110100101
93 108 1001110100100
114 102 1001110100111
81 66 1001110100110
44 66 1001110100001
91 103 1001110100000
152 174 1001110100011
163 122 1001110100010
101 137 1001110101101
166 177 1001110101100
178 158 1001110101111
68 54 1001110101110
92 46 1001110101001
48 64 1001110101000
109 103 1001110101011
63 43 1001110101010
110 74 1001001010101
79 122 1001001010100
130 58 1001001010111
41 43 1001001010110
47 38 1001001010001
77 87 1001001010000
104 120 1001001010011
161 167 1001001010010
196 80 1001001011101
104 105 1001001011100
102 119 1001001011111
133 107 1001001011110
79 78 1001001011001
81 81 1001001011000
74 80 1001001011011
87 67 1001001011010
62 75 1001001000101
113 96 1001001000100
75 62 1001001000111
62 59 1001001000110
74 86 1001001000001
150 179 1001001000000
171 133 1001001000011
101 136 1001001000010
44 56 1001001001101
73 49 1001001001100
118 38 1001001001111
75 94 1001001001110
82 78 1001001001001
50 72 1001001001000
210 77 1001001001011
85 96 1001001001010
113 110 1001001110101
105 91 1001001110100
90 98 1001001110111
80 94 1001001110110
96 83 1001001110001
78 67 1001001110000
66 97 001001010111
69 58 1001001110011
57 53 1001001110010
155 196 1001001111101
194 156 1001001111100
111 140 1001001111111
165 178 1001001111110
183 185 1001001111001
169 120 1001001111000
60 50 1001001111011
47 75 1001001111010
47 114 1001001100101
108 100 1001001100100
88 43 1001001100111
106 68 1001001100110
41 86 1001001100001
53 76 1001001100000
112 50 1001001100011
102 115 1001001100010
209 104 1001001101101
80 93 1001001101100
113 108 1001001101111
84 70 1001001101110
72 75 1001001101001
85 116 1001001101000
128 116 1001001101011
94 74 1001001101010
59 53 1001000010101
57 67 001001010110
170 202 1001000010100
203 183 1001000010111
103 138 1001000010110
165 176 1001000010001
179 128 1001000010000
69 54 1001000010011
59 85 1001000010010
54 121 1001000011101
119 81 1001000011100
137 47 1001000011111
65 67 1001000011110
55 85 1001000011001
93 66 1001000011000
55 35 1001000011011
85 104 1001000011010
121 119 1001000000101
210 160 1001000000100
80 90 1001000000111
111 119 1001000000110
123 109 1001000000001
93 88 1001000000000
110 124 1001000000011
124 101 1001000000010
75 58 1001000001101
61 73 1001000001100
57 60 1001000001111
170 197 1001000001110
106 139 1001000001001
164 177 1001000001000
172 106 1001000001011
65 64 1001000001010
77 57 1001000110101
116 80 1001000110100
64 106 1001000110111
42 62 1001000110110
54 73 1001000110001
113 63 1001000110000
68 79 1001000110011
91 104 1001000110010
111 118 1001000111101
153 155 1001000111100
165 167 1001000111111
173 179 1001000111110
188 192 1001000111001
83 89 1001000111000
126 105 1001000111011
74 82 1001000111010
109 82 1001000100101
59 47 1001000100100
47 58 1001000100111
77 100 1001000100110
01110010000110
