158 10000100
157 0001001
156 111000
155 0110010
154 101100
153 1001100
162 1101011
169 00101111
171 01101101
161 0110011
142 101001
126 0111000
92 00101001
94 00010110
97 0001000
100 0010110
102 1001001
103 0110000
104 1101010
105 00011011
108 00010101
112 1001111
115 1111001
119 1010101
122 0100010
123 0100001
128 0000001
130 011110
132 1001011
129 0101000
127 1000111
118 00101110
113 1110101
110 00100100
120 0100101
136 0110001
151 0100100
152 110100
148 0001100
167 00001010
184 011010011
204 000001110
218 0111110001
219 01101001000
106 1110010
121 0100111
117 00000001
111 01101100
149 0010011
173 11001100
131 1111000
134 0111011
150 0011001
164 00001100
180 11000111
200 11110110
215 1001000001
220 10110100101
176 1110100
116 00010100
124 0001110
159 00001001
168 01101111
170 00100000
160 00000000
141 1001101
114 00000110
145 1000001
193 10100000
207 000011011
221 01101001001
196 10001001
109 01010011
84 00001000
65 00110111
125 1100101
165 01101110
183 000110100
214 0010101001
182 11110101
54 1100001
34 1011010001
163 00001011
166 11000110
140 0011111
211 100100001
135 1110011
79 10101101
57 00000101
42 11000100
36 0111110000
133 1110111
144 1000000
199 10101100
216 0010101000
187 11110100
147 1000110
76 00101011
52 1001010
41 11110111
43 10001000
48 1100000
107 00111000
74 01111101
47 1010111
50 111111
139 0100000
138 0111010
146 0011110
179 10110111
195 10101000
222 000001111111
231 0000011110001
194 10111110
137 0101100
82 01001101
38 001110010
49 0101110
46 00110001
88 00100010
90 1111101
98 1001110
101 0101101
206 10100011
226 000001111110
223 101101000001
197 11011110
225 000001111011
205 11001111
87 00100001
93 1101110
143 0011010
181 10110110
72 11001110
89 00110110
96 0111001
99 1011101
190 11101101
212 010111111
75 01101000
86 1101100
91 00001111
95 0101011
177 10111101
175 1111100
172 00111011
230 10010000000111
209 11101100
68 00111010
40 11011111
39 011111001
85 00011111
178 00110000
217 0110100101
228 10010000000110
64 10010001
198 000011010
83 01010010
53 0111111
51 1000011
174 00011110
186 10100010
246 10010000000001
69 10001011
24 000001111010
58 1101101
60 00001110
78 01001100
81 1100100
191 000001001
227 1001000000010
45 01011110
35 0101010011
44 01000111
56 00100011
189 11000101
185 001010101
192 01101011
188 010111110
62 00010111
208 001110011
66 10101001
55 1011100
70 10100001
210 000110101
213 010101000
32 10110100100
63 10111100
80 00100101
27 0000011110000
59 00101000
71 01101010
202 10111111
203 11001101
201 000001000
77 10110101
67 01010101
73 10001010
33 00000111110
31 10110100001
224 0000011110011
238 10010000000000
29 101101000000
61 01000110
37 0101010010
25 10010000000011
30 10110100111
23 10010000000010
26 1011010011001
28 0000011110010
11 10010000001101
13 10010000001100
16 10010000001111
17 1011010011000
20 10010000001110
233 10010000001001
18 101101001101
234 10010000001000
19 10010000001011
229 10010000001010
10000101
