160 161 11101101011
160 157 00010010111
155 156 1101011100
156 154 10010011110
153 160 0111110110111
166 170 011111011010
172 167 0111110110110
146 123 0111110110001
93 91 011111000101
98 107 0111110110000
107 106 1110110100
107 107 11100010101
104 106 011111000100
110 114 11100010100
118 122 011111000111
124 125 0010010010
128 130 1110110111
131 131 000111110
130 130 110111001
130 131 0001001010
133 133 011111000110
133 132 00010010110
132 132 1110110110
134 134 00010010001
135 134 11100010111
133 131 10010011001
130 128 00010010000
131 130 1110110001
134 133 10010011000
132 130 00010010011
129 129 001000001
128 128 001000010
127 127 001000000
128 127 0010011101
124 119 10010011011
114 110 11100010110
106 123 0111110110011
143 154 0111110110010
157 157 110111000
153 148 0111110111101
153 154 0010011100
155 154 000111001
152 151 0000001001
152 153 110111011
151 157 0111110111100
159 151 011111000001
159 192 0111110111111
216 214 0111110111110
216 172 0111110111001
112 118 011111000000
124 120 011111000011
119 119 11100010001
120 121 0000001000
122 123 110111010
124 124 0010011111
120 127 011111000010
127 120 011111001101
116 119 1101011111
143 177 0111110111000
159 160 11100010000
155 155 000011000
152 160 0111110111011
167 170 10010011010
172 166 011111001100
144 122 011111001111
96 92 11100010011
97 105 011111001110
105 104 11100010010
103 106 011111001001
109 114 0111110111010
118 121 011111001000
127 129 00010010010
130 129 0001111111
132 133 1101011110
133 134 10010000101
129 128 0010011110
132 131 1110110000
113 109 11100011101
105 120 0111110100101
139 151 0111110100100
156 157 1110110011
154 150 0111110100111
152 154 0001111110
153 158 10010000100
158 152 11100011100
158 184 0111110100110
209 217 011111001011
220 181 0111110100001
120 101 0111110100000
114 117 011111001010
123 124 0001100101
120 120 00010011101
127 122 011111110101
127 124 10010000111
115 125 011111110100
139 135 11100011111
157 158 10010000110
158 156 1110110010
154 153 0000001011
153 161 0111110100011
170 163 011111110111
142 120 011111110110
96 91 011111110001
95 102 0111110100010
104 103 11100011110
103 105 00010011100
109 113 011111110000
126 128 00010011111
129 130 0001111001
131 129 11100011001
127 126 00010011110
126 126 110011110
126 127 110011101
104 115 0111110101101
132 146 0111110101100
155 158 10010000001
156 153 10010000000
153 155 11100011000
156 156 000110111
154 156 0111110101111
153 151 0001111000
154 168 0111110101110
193 216 0111110101001
222 201 011111110011
152 104 0111110101000
110 115 011111110010
121 118 011111111101
121 120 10010000011
123 123 1110111101
121 121 00010011001
122 129 011111111100
132 115 0111110101011
84 61 0111110101010
157 156 110101001
153 153 000011011
156 163 0111001010101
167 168 0111001010100
168 161 0111001010111
141 121 0111001010110
94 89 011111111111
93 101 011111111110
104 104 11100011011
104 102 10010000010
102 104 1101011001
108 113 0001111011
117 121 11100011010
131 132 11100000101
125 121 0111001010001
115 112 011111111001
103 111 11100000100
124 140 0111001010000
152 158 11100000111
158 158 110110101
157 155 11100000110
154 154 110101000
150 151 1101011000
175 207 0111001010011
217 218 0111001010010
190 126 0111001011101
103 112 11100000001
119 113 11100000000
125 127 11100000011
118 79 0111001011100
43 37 0111001011111
154 155 1101011011
161 165 011111111000
166 165 1110111100
164 159 011111111011
141 122 0111001011110
93 88 011111111010
92 102 0111001011001
105 105 10010001101
104 101 10010001100
128 129 10010001111
126 122 011111100101
118 114 011111100100
104 107 011111100111
118 134 0111001011000
149 157 0111001011011
159 159 00010011000
158 159 10010001110
160 160 00010011011
158 157 110101011
154 152 0010011001
151 153 0010011000
152 147 011111100110
162 192 0111001011010
211 223 0111001000101
213 164 0111001000100
108 107 11100000010
116 118 11100001101
134 115 011111100001
71 46 0111001000111
45 45 10010001001
156 155 000010011
155 157 10010001000
164 166 011111100000
164 161 0111001000110
161 158 011111100011
142 123 011111100010
93 103 011111101101
103 100 11100001100
117 120 1110111111
119 116 0111001000001
114 130 0111001000000
146 155 0111001000011
159 161 10010001011
160 159 0001100100
151 154 10010001010
151 145 0111001000010
153 170 0111001001101
207 219 0111001001100
221 200 0111001001111
135 106 011111101100
108 121 0111001001110
119 120 00010011010
121 122 1101011010
124 126 1110111110
128 135 11100001111
118 74 0111001001001
42 43 11100001110
49 45 011111101111
156 158 10010110101
158 161 0111001001000
166 166 011111101110
162 159 10010110100
160 158 11100001001
93 89 0111001001011
93 102 011111101001
103 102 00010000101
127 128 11100001000
128 126 10010110111
125 126 0000110011
125 125 110110100
126 124 00010000100
120 117 10010110110
110 106 011111101000
112 128 0111001001010
144 152 011111101011
158 162 10010110001
159 158 0001100111
154 151 011111101010
150 147 10010110000
149 150 1110111001
191 211 0111001110101
220 219 0111001110100
176 120 0111001110111
105 115 011110010101
117 119 11100001011
125 128 011110010100
137 120 011110010111
74 38 0111001110110
41 49 11100001010
49 52 00010000111
156 159 011110010110
160 163 11100110101
161 157 0111001110001
142 122 0111001110000
92 88 11100110100
92 101 00010000110
103 104 011110010001
128 125 10010110011
124 123 00010000001
126 123 011110010000
112 107 0111001110011
111 127 011110010011
143 151 0111001110010
157 162 11100110111
161 160 10010110010
157 153 11100110110
150 140 0111001111101
168 203 0111001111100
217 223 0111001111111
209 141 0111001111110
112 110 011110010010
115 119 011110011101
122 122 00010000000
125 130 11100110001
115 65 0111001111001
36 44 0111001111000
46 49 0111001111011
163 168 11100110000
166 164 1101000101
144 125 0111001111010
91 88 011110011100
123 126 11100110011
126 125 11100110010
126 131 00010000011
131 133 11100111101
127 125 11100111100
123 122 10010111101
120 123 011110011111
123 125 00010000010
132 128 011110011110
123 127 011110011001
125 122 00010001101
118 115 10010111100
108 106 0111001100101
110 123 11100111111
137 147 0111001100100
153 157 11100111110
150 148 1110111000
139 181 0111001100111
203 222 0111001100110
127 105 0111001100001
113 119 0111001100000
133 114 0111001100011
53 51 011110011000
50 51 00010001100
53 53 1110111011
52 52 1110111010
157 160 11100111001
164 165 0111001100010
164 168 0111001101101
163 163 0001100110
143 123 0111001101100
91 87 0111001101111
101 103 00010001111
107 112 10010111111
116 120 10010111110
122 124 10010111001
131 128 0111001101110
127 131 011110011011
129 124 011110011010
127 133 1101000100
129 118 11100111000
111 109 0111001101001
111 123 11100111011
136 146 0111001101000
148 147 0000110010
139 163 011110000101
200 216 0111001101011
226 213 0111001101010
163 106 0111000010101
112 109 011110000100
128 132 0111000010100
103 70 0111000010111
47 47 00010001110
49 51 00010001001
51 50 1110100101
48 48 00010001000
161 161 10010111000
159 162 011110000111
167 166 10010111011
162 163 10010111010
142 121 011110000110
90 86 11100111010
102 102 1101000111
102 101 10010100101
100 103 11100100101
126 129 1110100100
125 123 0111000010110
121 119 011110000001
115 116 011110000000
116 117 0000001010
119 123 0111000010001
134 125 0111000010000
123 128 11100100100
123 129 10010100100
113 110 0111000010011
111 122 0111000010010
135 143 011110000011
148 150 00010001011
151 149 10010100111
146 145 0000101101
139 143 11100100111
185 211 0111000011101
224 223 0111000011100
202 132 0111000011111
100 111 0111000011110
134 116 011110000010
59 43 011110001101
44 46 10010100110
50 53 10010100001
51 48 10010100000
46 46 011110001100
162 160 10010100011
159 163 10010100010
168 163 011110001111
155 153 00010001010
154 159 0111000011001
92 100 011110001110
130 124 011110001001
125 129 10010101101
146 143 1110100111
135 127 0111000011000
122 121 10010101100
118 123 11100100110
113 108 11100100001
110 120 0111000011011
133 141 011110001000
145 147 11100100000
152 150 10010101111
148 146 1110100110
144 142 00010110101
141 137 011110001011
159 202 0111000011010
217 226 0111000000101
220 179 0111000000100
102 110 0111000000111
114 72 0111000000110
39 43 0111000000001
46 50 11100100011
54 56 11100100010
52 47 011110001010
46 47 1110100001
160 165 11100101101
167 157 011110110101
151 158 0111000000000
162 161 1110100000
89 86 0111000000011
91 100 10010101110
132 127 011110110100
128 124 0111000000010
132 134 1101000110
137 140 11100101100
144 150 11100101111
169 171 0111000001101
174 178 11100101110
178 166 0111000001100
145 127 0111000001111
118 119 0111000001110
120 122 11100101001
128 133 10010101001
130 123 011110110111
124 121 0111000001001
117 114 11100101000
109 120 011110110110
132 140 011110110001
144 145 10010101000
153 152 000010101
151 150 0000100101
149 147 1110100011
145 143 10010101011
141 140 0000101100
142 140 0000101111
142 176 0111000001000
210 222 0111000001011
224 215 0111000001010
143 103 0111000110101
119 105 0111000110100
66 39 0111000110111
44 44 0111000110110
51 53 11100101011
55 55 011110110000
51 46 00010110100
45 47 11100101010
163 167 10010101010
164 148 0111000110001
137 139 011110110011
150 159 011110110010
163 161 011110111101
162 162 0010011011
145 124 11111010101
88 85 0111000110000
101 101 0010011010
102 105 0111000110011
122 126 00101010101
129 135 011110111100
141 143 1101000001
146 149 1110100010
153 159 0111000110010
167 172 11111010100
182 180 0111000111101
177 178 00101010100
181 184 0111000111100
183 180 0111000111111
167 140 0111000111110
117 116 11111010111
122 119 11111010110
116 113 11111010001
110 121 00101010111
143 143 00010110111
148 149 00101010110
151 152 1101000000
150 150 110101010
143 141 1101000011
140 139 1101000010
140 144 0111000111001
139 145 011110111111
196 215 0111000111000
225 224 011110111110
195 126 0111000111011
108 67 0111000111010
37 42 011110111001
52 51 1110101101
48 45 1110101100
155 135 0111000100101
125 131 11111010000
151 161 0111000100100
165 162 0111000100111
87 83 0111000100110
89 98 011110111000
100 99 0001100001
119 134 0111000100001
134 129 0111000100000
133 130 00101010001
130 143 0111000100011
142 144 00101010000
145 146 00010110110
147 151 11111010011
157 161 011110111011
170 173 00101010011
174 172 00010110001
172 177 011110111010
186 192 011110100101
195 184 0111000100010
159 129 0111000101101
116 121 011110100100
114 112 011110100111
112 108 0111000101100
134 142 11111010010
144 144 110110111
146 147 11111011101
149 151 011110100110
145 145 110110110
144 143 110111101
139 139 00010110000
140 142 1101001101
141 134 011110100001
165 203 011110100000
223 223 0111000101111
225 166 0111000101110
75 37 0111000101001
39 51 0111000101000
46 51 00101010010
52 50 011110100011
47 46 00101011101
162 165 11111011100
168 164 0111000101011
148 123 011110100010
115 123 11111011111
152 162 0111000101010
166 162 0111011010101
85 82 011110101101
87 96 0111011010100
98 98 00101011100
99 98 11111011110
101 104 0111011010111
125 124 0111011010110
133 154 0111011010001
150 136 0111011010000
133 123 0111011010011
120 135 0111011010010
134 137 00101011111
145 149 011110101100
155 160 0111011011101
174 176 00101011110
178 182 11111011001
186 188 0111011011100
190 199 0111011011111
200 179 011110101111
141 112 011110101110
120 119 00101011001
118 116 0111011011110
113 111 011110101001
108 105 11111011000
108 120 00101011000
147 150 011110101000
147 144 1101001100
143 142 0000101110
141 139 0001100000
140 140 00101011011
135 192 0111011011001
218 226 0111011011000
234 185 0111011011011
44 36 0111011011010
41 44 011110101011
59 53 011110101010
52 49 00101011010
48 49 0000100100
49 49 00010110011
165 171 011001010101
166 156 11111011011
134 96 0111011000101
92 128 0111011000100
151 162 011001010100
167 164 00101000101
163 160 011001010111
143 122 011001010110
84 76 0111011000111
83 90 0111011000110
93 96 00101000100
96 100 00010110010
100 102 00101000111
105 109 011001010001
112 115 00010111101
117 118 0111011000001
128 136 11111011010
110 118 11111000101
124 131 0111011000000
148 153 011001010000
175 185 011001010011
181 183 011001010010
183 188 00101000110
184 190 0111011000011
195 199 011001011101
193 160 0111011000010
121 101 0111011001101
118 120 11111000100
104 116 0111011001100
134 146 011001011100
144 139 11111000111
136 136 1100110101
141 153 0111011001111
140 141 00010111100
142 141 00010111111
150 143 0111011001110
137 151 0111011001001
201 235 0111011001000
197 79 0111011001011
34 45 0111011001010
47 51 011001011111
52 54 00101000001
44 48 11111000110
45 50 00101000000
46 42 11111000001
169 169 11111000000
163 146 0111011110101
113 85 011001011110
95 129 0111011110100
153 163 0111011110111
168 165 00010111110
163 159 0001111010
81 75 0111011110110
84 93 11111000011
95 97 11111000010
95 98 1110101111
99 101 0001100011
104 108 1110101110
121 123 00101000011
129 132 011001011001
128 131 0111011110001
135 136 11111001101
137 141 11111001100
148 154 0111011110000
175 184 011001011000
181 185 11111001111
186 193 011001011011
191 191 11111001110
197 196 11111001001
194 198 011001011010
175 131 0111011110011
115 97 0111011110010
111 113 011001000101
109 118 0111011111101
107 108 0111011111100
106 103 011001000100
105 117 011001000111
134 147 0111011111111
145 141 011001000110
137 135 00101000010
138 148 0111011111110
141 142 00101001101
136 144 011001000001
142 137 011001000000
142 160 00101001100
180 197 0111011111001
105 51 0111011111000
38 44 0111011111011
54 53 011001000011
47 48 00101001111
50 43 00101001110
45 59 11111001000
51 27 0111011111010
170 165 00101001001
156 130 0111011100101
92 75 011001000010
99 130 0111011100100
153 164 0111011100111
169 165 11111001011
141 119 011001001101
79 74 00101001000
85 95 11111001010
98 99 00101001011
99 100 00010111001
111 114 011001001100
115 118 011001001111
124 127 00101001010
129 133 00101110101
136 135 1100110100
147 155 0111011100110
171 180 0111011100001
179 185 00101110100
187 193 11111110101
186 196 0111011100000
199 192 0111011100011
191 196 011001001110
199 200 00010111000
122 106 0111011100010
89 101 0111011101101
116 111 0111011101100
135 149 0111011101111
148 144 0111011101110
140 134 011001001001
131 136 0111011101001
141 144 1110101001
145 148 00010111011
143 160 0111011101000
142 102 0111011101011
43 39 0111011101010
43 47 11111110100
48 51 00010111010
50 44 011001001000
51 45 1101001111
55 60 011001001011
45 48 011001001010
167 160 011001110101
84 77 00101110111
101 131 0111010010101
152 163 00010100101
141 120 0111010010100
96 98 1100110111
98 100 00010100100
124 116 011001110100
107 111 0111010010111
113 117 00101110110
143 152 0111010010110
160 166 011001110111
169 180 011001110110
181 187 011001110001
186 189 011001110000
196 196 0111010010001
189 189 0111010010000
195 192 011001110011
195 214 0111010010011
210 205 0111010010010
133 101 0111010011101
96 110 0111010011100
101 105 011001110010
103 116 0111010011111
135 151 0111010011110
152 149 11111110111
143 130 0111010011001
132 142 011001111101
143 145 1101001110
142 145 00101110001
145 140 011001111100
143 153 0111010011000
104 40 0111010011011
39 47 0111010011010
56 49 011001111111
53 49 011001111110
47 58 11111110110
68 46 0111010000101
52 115 0111010000100
162 152 0111010000111
120 93 0111010000110
85 84 0111010000001
100 132 0111010000000
151 163 011001111001
140 118 00101110000
82 75 011001111000
85 93 11111110001
97 100 00010100111
112 114 011001111011
119 121 011001111010
118 109 011001100101
107 113 0111010000011
126 132 011001100100
137 136 11111110000
140 147 00101110011
161 169 0111010000010
174 185 0111010001101
185 190 011001100111
185 185 0111010001100
185 183 0111010001111
191 198 0111010001110
199 209 011001100110
214 202 011001100001
226 221 0111010001001
208 93 0111010001000
85 98 0111010001011
107 103 00101110010
101 98 11111110011
101 115 0111010001010
135 150 011001100000
97 96 11111110010
119 140 0111010110101
145 144 0000101001
143 144 1100110110
143 146 00101111101
142 147 0111010110100
161 118 0111010110111
61 37 0111010110110
41 51 0111010110001
48 50 11111111101
53 42 11111111100
43 58 0111010110000
48 67 011001100011
70 55 0111010110011
94 159 0111010110010
154 138 0111010111101
101 81 0111010111100
86 87 0111010111111
98 131 0111010111110
163 158 011001100010
139 116 00101111100
84 92 0111010111001
98 102 00010100110
105 108 011001101101
113 107 011001101100
110 116 0111010111000
118 118 011001101111
120 125 11111111111
125 132 0111010111011
138 139 110011111
138 143 11111111110
159 169 0111010111010
181 182 11111111001
176 191 0111010100101
204 206 011001101110
205 211 011001101001
215 213 011001101000
205 221 0111010100100
226 177 0111010100111
94 93 00101111111
90 96 0111010100110
98 96 00010100001
100 114 011001101011
134 149 0111010100001
142 113 0111010100000
78 74 0111010100011
104 135 0111010100010
136 68 0111010101101
33 41 0111010101100
46 54 00101111110
53 48 011001101010
50 47 00010100000
44 53 0111010101111
44 52 0111010101110
59 70 0111010101001
72 97 0111010101000
138 117 0111010101011
90 82 011000010101
87 86 0111010101010
99 129 0100101010101
85 77 011000010100
85 92 0100101010100
117 111 011000010111
110 111 011000010110
116 114 0100101010111
119 126 11111111000
139 141 1110101000
152 165 0100101010110
172 178 011000010001
181 188 0100101010001
203 210 0100101010000
205 202 11111111011
209 202 011000010000
197 207 011000010011
202 212 0100101010011
209 224 0100101010010
147 81 0100101011101
85 97 0100101011100
98 114 0100101011111
140 107 0100101011110
66 58 0100101011001
91 126 0100101011000
139 137 0001110101
155 145 11111111010
88 42 0100101011011
39 44 011000010010
54 54 011000011101
55 46 011000011100
50 58 0100101011010
47 44 0100101000101
71 81 0100101000100
100 138 0100101000111
158 140 011000011111
124 99 0100101000110
86 90 11111100101
89 85 0100101000001
102 127 0100101000000
150 162 011000011110
140 117 11111100100
86 93 1110101011
97 101 1110101010
122 120 11111100111
109 116 0100101000011
130 135 011000011001
141 141 1101001001
149 163 00101111001
171 175 011000011000
168 177 0100101000010
187 200 0100101001101
205 203 011000011011
208 208 1101001000
199 199 11111100110
204 202 00101111000
214 213 011000011010
217 232 0100101001100
205 102 0100101001111
75 84 0100101001110
90 90 00101111011
97 114 0100101001001
136 151 0100101001000
139 105 0100101001011
61 51 011000000101
83 120 0100101001010
146 146 0001110100
139 156 0100101110101
156 118 0100101110100
53 39 0100101110111
52 46 0100101110110
54 45 11111100001
47 60 0100101110001
52 65 0100101110000
78 94 0100101110011
134 155 0100101110010
143 148 11111100000
92 90 0100101111101
87 90 0100101111100
90 84 011000000100
97 127 11111100011
146 158 011000000111
164 160 11111100010
82 80 0100101111111
88 97 011000000110
96 102 00010100011
102 107 0100101111110
127 112 0100101111001
115 106 011000000001
114 111 011000000000
113 116 0100101111000
121 125 11111101101
134 127 011000000011
135 141 011000000010
148 136 11111101100
138 142 011000001101
155 152 11111101111
179 202 0100101111011
202 202 00101111010
199 197 0100101111010
197 199 0100101100101
201 202 0100101100100
203 204 011000001100
200 203 0100101100111
205 210 0100101100110
216 196 0100101100001
134 72 0100101100000
65 105 0100101100011
88 110 0100101100010
139 148 0100101101101
156 152 011000001111
144 115 0100101101100
75 47 011000001110
54 97 0100101101111
123 140 0100101101110
148 145 00101100101
138 146 0100101101001
137 58 0100101101000
35 44 0100101101011
46 55 011000001001
48 52 00001000101
44 49 11111101110
51 47 0100101101010
63 59 0100100010101
95 140 011000001000
150 157 00101100100
89 88 011000001011
87 91 0100100010100
91 85 0100100010111
98 128 011000001010
147 159 11111101001
84 80 011000110101
86 96 011000110100
98 97 011000110111
103 108 11111101000
113 114 011000110110
117 117 0100100010110
115 127 011000110001
129 107 0100100010001
109 115 011000110000
108 115 0100100010000
114 113 0100100010011
122 127 0100100010010
132 135 011000110011
134 139 0100100011101
133 135 011000110010
135 142 011000111101
145 154 0100100011100
165 183 0100100011111
198 192 0100100011110
190 205 0100100011001
198 197 00101100111
196 198 0100100011000
200 201 011000111100
203 205 11111101011
203 206 011000111111
207 211 0100100011011
222 221 0100100011010
193 161 0100100000101
71 68 0100100000100
86 114 0100100000111
133 151 11111101010
149 153 00101100110
148 116 0100100000110
71 41 0100100000001
40 61 0100100000000
105 122 011000111110
147 149 011000111001
135 140 011000111000
150 142 0100100000011
95 45 0100100000010
35 41 0100100001101
57 56 011000111011
55 51 011000111010
56 55 0100100001100
53 89 0100100001111
127 142 0100100001110
157 163 011000100101
88 88 11110010101
89 93 0100100001001
92 85 0100100001000
87 81 011000100100
84 94 11110010100
97 98 00101100001
101 99 011000100111
111 147 0100100001011
112 106 0100100001010
107 110 011000100110
136 140 11110010111
136 139 011000100001
137 142 011000100000
135 135 00101100000
143 167 0100100110101
187 195 011000100011
197 194 0100100110100
190 191 011000100010
195 195 11110010110
198 201 011000101101
206 208 011000101100
206 205 11110010001
210 218 0100100110111
220 216 0100100110110
119 58 011000101111
85 112 0100100110001
131 148 0100100110000
151 155 00010100010
142 115 011000101110
73 43 0100100110011
40 42 011000101001
84 115 0100100110010
139 138 0001100010
159 119 0100100111101
53 36 0100100111100
45 49 0100100111111
56 50 11110010000
46 52 0100100111110
54 50 00010101101
71 124 0100100111001
149 140 0100100111000
144 157 11110010011
162 166 0100100111011
89 90 0100100111010
91 94 0100100100101
92 84 0100100100100
148 159 011000101000
88 81 0100100100111
96 97 1100110001
106 108 0100100100110
111 118 011000101011
133 149 011000101010
100 104 011011010101
116 110 0100100100001
114 116 0100100100000
137 137 00010101100
136 131 00010101111
138 137 00010101110
136 122 0100100100011
130 141 00101100011
171 179 0100100100010
189 193 011011010100
191 187 0100100101101
192 195 011011010111
200 205 011011010110
206 204 00101100010
204 204 11110010010
201 205 1101001011
212 218 0100100101100
193 106 0100100101111
77 103 0100100101110
134 143 011011010001
152 155 0100100101001
140 120 0100100101000
77 42 0100100101011
40 37 011011010000
43 81 0100100101010
118 140 0100111010101
149 141 011011010011
138 151 0100111010100
138 74 0100111010111
38 41 0100111010110
53 58 0100111010001
54 49 011011010010
48 54 011011011101
118 142 0100111010000
145 139 0100111010011
161 162 0100111010010
90 92 011011011100
90 83 011011011111
148 160 11110011101
85 79 11110011100
82 91 00101101101
94 95 011011011110
109 101 011011011001
175 130 0100111011101
106 101 011011011000
106 114 00101101100
105 113 011011011011
114 118 0100111011100
136 132 0100111011111
138 133 011011011010
135 126 11110011111
123 121 011011000101
152 183 0100111011110
188 186 0100111011001
184 183 0100111011000
182 183 0100111011011
194 196 00010101001
200 204 11110011110
204 203 011011000100
202 203 0100111011010
204 208 011011000111
209 209 00010101000
213 218 0100111000101
235 172 0100111000100
62 95 0100111000111
133 147 0100111000110
142 118 0100111000001
74 45 0100111000000
47 45 00101101111
39 54 11110011001
115 186 011011000110
211 201 0100111000011
184 170 0100111000010
84 38 0100111001101
41 52 011011000001
51 55 0100111001100
52 59 0100111001111
53 46 11110011000
52 92 011011000000
149 143 11110011011
88 91 011011000011
96 126 0100111001110
141 118 0100111001001
81 76 0100111001000
80 89 0100111001011
92 93 011011000010
97 99 0001110111
108 111 0100111001010
101 106 0100111110101
198 124 0100111110100
111 111 011011001101
114 119 0100111110111
133 136 011011001100
133 129 11110011010
139 130 0100111110110
115 121 011011001111
130 157 011011001110
175 190 0100111110001
178 185 011011001001
182 177 011011001000
180 186 0100111110000
190 195 11110000101
196 197 011011001011
197 198 11110000100
200 202 00101101110
203 201 0100111110011
203 207 11110000111
210 210 00001000100
210 212 011011001010
226 210 0100111110010
77 91 0100111111101
126 154 0100111111100
76 48 011011110101
38 30 011011110100
49 134 0100111111111
206 212 0100111111110
198 209 0100111111001
220 214 0100111111000
86 39 0100111111011
45 56 11110000110
53 52 011011110111
60 49 0100111111010
53 50 00101101001
77 138 0100111100101
146 141 011011110110
150 161 0100111100100
159 155 0100111100111
89 89 0100111100110
88 92 0100111100001
91 84 0100111100000
96 125 0100111100011
80 74 0100111100010
78 89 0100111101101
97 97 11110000001
108 108 0100111101100
106 137 0100111101111
189 124 0100111101110
95 106 0100111101001
112 105 0100111101000
115 114 011011110001
116 122 0100111101011
129 121 011011110000
117 139 0100111101010
161 182 0100110010101
176 170 0100110010100
173 174 11110000000
174 183 0100110010111
192 184 0100110010110
181 197 0100110010001
196 193 00101101000
192 192 011011110011
204 201 0100110010000
203 202 011011110010
211 218 0100110010011
144 90 0100110010010
121 152 011011111101
145 118 0100110011101
75 38 0100110011100
34 57 0100110011111
184 191 011011111100
192 202 0100110011110
222 223 0100110011001
221 231 0100110011000
155 53 0100110011011
42 49 0100110011010
58 53 0100110000101
50 70 0100110000100
117 155 0100110000111
158 155 011011111111
92 91 011011111110
91 95 0100110000110
94 85 0100110000001
96 123 0100110000000
81 73 0100110000011
77 89 0100110000010
99 97 0001110110
99 96 011011111001
119 173 0100110001101
173 112 0100110001100
106 113 0100110001111
118 124 011011111000
147 169 0100110001110
182 168 0100110001001
166 167 0100110001000
163 182 0100110001011
180 174 0100110001010
189 196 011011111011
186 180 0100110110101
190 188 0100110110100
189 192 0100110110111
195 197 00010101011
198 200 11110000011
204 205 00010101010
207 209 00001110101
211 217 0100110110110
215 87 0100110110001
122 143 0100110110000
159 150 0100110110011
143 108 0100110110010
55 30 0100110111101
81 176 0100110111100
205 217 011011111010
213 209 0100110111111
215 219 011011100101
214 53 0100110111110
39 40 0100110111001
57 52 11110000010
39 53 0100110111000
38 54 0100110111011
57 49 011011100100
52 101 0100110111010
152 146 0100110100101
145 153 011011100111
97 95 11110001101
101 125 011011100110
145 159 0100110100100
168 167 011011100001
167 163 011011100000
143 118 011011100011
84 91 0100110100111
95 99 00101101011
96 107 0100110100110
112 113 011011100010
99 214 0100110100001
159 116 0100110100000
96 104 0100110100011
105 103 11110001100
110 117 11110001111
114 124 011011101101
123 119 0100110100010
113 147 0100110101101
165 175 011011101100
169 173 00101101010
177 181 11110001110
176 183 0100110101100
187 185 11110001001
190 185 011011101111
174 181 011011101110
190 196 011011101001
193 190 011011101000
200 196 0100110101111
197 195 11110001000
199 205 011011101011
201 204 011011101010
214 184 0100110101110
137 144 011010010101
145 156 011010010100
155 144 011010010111
133 88 0100110101001
58 126 0100110101000
200 194 0100110101011
185 210 0100110101010
214 211 0100001010101
194 202 0100001010100
213 219 0100001010111
216 43 0100001010110
44 50 11110001011
58 47 011010010110
43 46 11110001010
43 55 11110110101
52 36 0100001010001
77 142 0100001010000
153 139 0100001010011
95 96 0100001010010
101 124 011010010001
146 159 0100001011101
167 165 0100001011100
144 119 011010010000
84 78 00001110100
101 102 0001101101
106 111 11001010101
98 209 0100001011111
146 111 0100001011110
94 103 011010010011
105 102 011010010010
109 119 0100001011001
129 112 0100001011000
119 125 011010011101
127 121 011010011100
125 108 0100001011011
163 153 0100001011010
164 157 011010011111
172 169 00001000111
180 179 011010011110
176 179 11110110100
182 181 0100001000101
180 175 011010011001
182 185 0100001000100
189 191 011010011000
197 197 11110110111
195 190 0100001000111
197 201 00001110111
205 201 011010011011
208 210 00001000110
185 149 0100001000110
146 152 011010011010
172 196 0100001000001
186 194 11110110110
208 211 0100001000000
206 207 00001000001
198 204 0100001000011
213 225 0100001000010
208 49 0100001001101
47 49 11001010100
55 47 11110110001
43 44 00001110110
48 55 11110110000
35 50 0100001001100
117 152 0100001001111
102 126 011010000101
168 166 0100001001110
146 121 0100001001001
103 97 011010000100
107 202 0100001001000
139 111 0100001001011
105 99 0100001001010
102 114 0100001110101
110 141 011010000111
146 170 0100001110100
166 179 0100001110111
172 174 11110110011
180 177 0100001110110
173 173 1101001010
173 178 11110110010
185 184 0100001110001
184 185 011010000110
188 192 0100001110000
187 176 0100001110011
181 190 0100001110010
191 197 0100001111101
203 197 011010000001
193 200 011010000000
203 179 0100001111100
156 141 0100001111111
177 204 0100001111110
193 188 011010000011
203 209 011010000010
208 201 0100001111001
202 210 0100001111000
214 225 0100001111011
181 52 0100001111010
50 48 11110111101
39 87 0100001100101
145 160 0100001100100
104 128 0100001100111
149 161 0100001100110
168 168 11110111100
170 168 011010001101
147 121 0100001100001
96 99 1101100101
100 98 11001010111
134 197 0100001100000
144 120 0100001100011
106 98 011010001100
98 109 0100001100010
119 117 0100001101101
122 114 0100001101100
150 138 011010001111
159 142 0100001101111
171 174 011010001110
168 169 0100001101110
178 173 0100001101001
168 172 11110111111
171 181 0100001101000
179 177 0100001101011
177 180 11110111110
184 186 0100001101010
187 188 0100000010101
176 185 011010001001
183 185 011010001000
190 197 11110111001
194 195 011010001011
165 191 0100000010100
203 194 0100000010111
193 202 011010001010
205 215 0100000010110
216 220 0100000010001
134 48 0100000010000
43 45 0100000010011
71 128 0100000010010
153 145 11110111000
151 159 0100000011101
105 128 11110111011
170 170 11110111010
147 120 11110100101
86 94 0100000011100
100 105 00001110001
102 99 11001010110
171 194 0100000011111
149 125 11110100100
107 102 0100000011110
102 111 0100000011001
121 116 0100000011000
114 145 0100000011011
142 150 011010110101
142 165 0100000011010
151 171 0100000000101
153 167 0100000000100
176 168 0100000000111
170 167 0100000000110
171 178 011010110100
174 179 011010110111
183 183 0100000000001
182 182 011010110110
184 178 0100000000000
187 194 11110100111
190 192 0100000000011
192 179 0100000000010
186 183 0100000001101
182 194 0100000001100
170 187 011010110001
203 190 0100000001111
185 198 0100000001110
210 206 0100000001001
197 204 0100000001000
201 210 0100000001011
218 220 0100000001010
81 40 0100000110101
51 52 00001000000
51 44 11001010001
53 60 011010110000
110 147 0100000110100
103 126 0100000110111
150 163 00001110000
172 172 0001101100
173 170 11110100110
94 104 0100000110110
99 104 0100000110001
101 97 0100000110000
201 192 0100000110011
146 125 0100000110010
107 115 0100000111101
120 114 0100000111100
132 111 0100000111111
137 150 0100000111110
131 144 011010110011
156 146 0100000111001
163 150 0100000111000
165 169 011010110010
171 167 0100000111011
167 167 0100000111010
171 176 011010111101
174 175 1100110000
173 177 0100000100101
181 181 011010111100
177 189 0100000100100
189 186 011010111111
176 177 1101100100
183 184 0100000100111
176 166 0100000100110
183 186 0100000100001
195 189 0100000100000
188 211 0100000100011
209 197 0100000100010
200 200 011010111110
195 201 011010111001
202 204 11110100001
196 190 0100000101101
45 38 0100000101100
45 54 011010111000
44 90 0100000101111
140 145 0100000101110
146 157 0100000101001
155 164 0100000101000
83 77 0100000101011
99 95 11110100000
212 188 0100000101010
149 131 0100011010101
121 115 0100011010100
103 99 011010111011
107 114 011010111010
133 145 0100011010111
142 156 0100011010110
143 155 0100011010001
159 171 0100011010000
162 167 0100011010011
169 168 011010100101
175 176 1101100111
178 181 11110100011
179 182 0100011010010
188 185 0100011011101
176 176 00001000011
178 172 0100011011100
182 161 0100011011111
167 175 0100011011110
194 179 0100011011001
200 198 011010100100
201 198 0100011011000
179 172 0100011011011
192 204 0100011011010
215 188 0100011000101
35 46 0100011000100
50 46 11110100010
54 122 0100011000111
154 143 0100011000110
155 165 0100011000001
95 94 011010100111
96 96 11110101101
102 125 011010100110
87 95 0100011000000
98 101 11001010000
98 93 011010100001
97 92 0100011000011
212 184 0100011000010
159 144 0100011001101
138 128 011010100000
105 96 0100011001100
116 138 0100011001111
156 149 0100011001110
164 169 011010100011
166 163 0100011001001
176 172 011010100010
176 169 0100011001000
193 189 011010101101
186 195 0100011001011
198 193 0100011001010
196 199 0100011110101
202 201 0100011110100
163 149 0100011110111
175 186 011010101100
180 118 0100011110110
49 60 011010101111
81 142 0100011110001
159 164 011010101110
160 155 011010101001
93 94 011010101000
103 129 0100011110000
151 164 00001110011
171 169 11110101100
169 166 011010101011
147 124 0100011110011
86 77 0100011110010
91 104 0100011111101
98 91 11110101111
206 183 0100011111100
109 102 0100011111111
111 128 0100011111110
141 133 0100011111001
128 121 011010101010
129 138 11110101110
147 145 1100110011
145 164 11110101001
153 166 11001010011
156 177 0100011111000
166 173 001101010101
173 165 0100011111011
180 183 0100011111010
188 195 001101010100
196 186 0100011100101
191 190 0100011100100
193 199 11110101000
199 203 0100011100111
201 152 0100011100110
158 175 0100011100001
140 173 0100011100000
211 40 0100011100011
38 46 0100011100010
54 42 001101010111
44 51 00001000010
51 77 0100011101101
140 143 11110101011
148 155 0100011101100
95 92 001101010110
94 96 001101010001
104 129 0100011101111
172 170 11001010010
88 78 001101010000
85 94 001101010011
94 97 1101111101
97 103 0100011101110
95 84 0100011101001
202 185 0100011101000
172 163 0100011101011
144 138 0100011101010
116 100 0100010010101
103 118 001101010010
127 146 0100010010100
139 129 0100010010111
114 133 001101011101
140 151 001101011100
139 140 1101100110
135 146 0100010010110
160 149 0100010010001
171 160 0100010010000
165 158 0100010010011
158 164 001101011111
150 155 00001110010
170 174 11110101010
161 155 0100010010010
172 157 0100010011101
170 184 0100010011100
193 194 001101011110
194 194 0100010011111
193 191 001101011001
207 212 0100010011110
192 159 0100010011001
172 150 0100010011000
157 183 0100010011011
179 44 0100010011010
58 104 0100010000101
96 94 0100010000100
106 130 0100010000111
150 164 00001111101
172 171 0000110101
150 126 000001010101
99 99 001101011000
92 82 0100010000110
205 195 0100010000001
181 166 001101011011
133 103 0100010000000
110 126 0100010000011
130 133 000001010100
134 117 0100010000010
142 135 001101011010
127 130 1101111100
141 150 0100010001101
156 151 0100010001100
149 146 000001010111
129 158 0100010001111
165 164 001101000101
166 169 001101000100
165 160 0100010001110
163 180 0100010001001
168 192 0100010001000
194 191 0100010001011
188 189 001101000111
193 196 001101000110
156 124 0100010001010
143 201 0100010110101
83 41 0100010110100
54 47 0100010110111
75 135 0100010110110
153 156 11001011101
98 95 001101000001
108 131 001101000000
85 76 000001010110
83 92 001101000011
96 95 001101000010
88 82 001101001101
208 204 0100010110001
186 169 0100010110000
160 150 0100010110011
149 112 0100010110010
115 126 001101001100
136 126 0100010111101
113 124 0100010111100
136 142 0100010111111
140 135 001101001111
142 149 0100010111110
113 136 0100010111001
115 136 0100010111000
160 156 0100010111011
144 140 000001010001
152 156 00001111100
141 125 0100010111010
157 165 0100010100101
190 194 000001010000
190 189 0100010100100
191 194 001101001110
195 203 000001010011
203 198 0100010100111
208 220 0100010100110
206 178 0100010100001
149 124 0100010100000
82 103 0100010100011
180 210 0100010100010
34 31 0100010101101
51 56 000001010010
101 151 0100010101100
111 133 000001011101
151 165 0100010101111
173 172 00001111111
83 74 001101001001
82 92 000001011100
86 84 0100010101110
208 205 001101001000
193 172 001101001011
152 137 0100010101001
144 116 0100010101000
118 136 0100010101011
141 136 001101001010
124 142 0100010101010
145 134 0101101010101
135 132 11001011100
121 100 0101101010100
87 82 0101101010111
140 132 001101110101
115 103 001101110100
104 117 0101101010110
115 92 001101110111
80 86 001101110110
58 138 0101101010001
183 162 0101101010000
172 189 0101101010011
195 198 001101110001
199 202 001101110000
206 210 001101110011
210 197 0101101010010
168 142 0101101011101
84 87 0101101011100
97 156 0101101011111
216 101 0101101011110
35 48 001101110010
45 43 000001011111
43 73 0101101011001
127 150 001101111101
146 153 001101111100
100 96 0101101011000
112 134 0101101011011
173 171 001101111111
152 128 0101101011010
95 101 001101111110
102 97 001101111001
199 173 0101101000101
134 118 0101101000100
128 115 0101101000111
113 118 0101101000110
102 118 0101101000001
141 135 11001011111
132 138 0101101000000
126 111 0101101000011
116 106 0101101000010
104 89 0101101001101
120 138 0101101001100
116 79 0101101001111
71 83 0101101001110
91 78 11001011110
56 47 0101101001001
45 39 0101101001000
64 172 0101101001011
161 180 0101101001010
191 189 0101101110101
203 188 0101101110100
193 193 0101101110111
193 195 0101101110110
195 196 000001011110
170 127 0101101110001
94 81 0101101110000
80 107 0101101110011
149 196 0101101110010
182 60 0101101111101
51 42 001101111000
52 43 001101111011
44 96 0101101111100
144 146 0101101111111
159 157 001101111010
101 96 000001011001
112 133 0101101111110
153 130 001101100101
84 75 0101101111001
83 93 00001111110
96 101 001101100100
100 97 001101100111
96 86 0101101111000
196 204 0101101111011
200 174 0101101111010
129 123 0101101100101
109 111 000001011000
117 138 0101101100100
115 128 0101101100111
128 123 001101100110
119 111 001101100001
108 102 0101101100110
84 72 001101100000
77 111 0101101100001
95 81 0101101100000
96 71 0101101100011
74 80 0101101100010
49 24 0101101101101
48 86 0101101101100
162 149 0101101101111
183 197 0101101101110
206 194 0101101101001
192 191 0101101101000
192 194 001101100011
207 194 0101101101011
158 110 0101101101010
83 84 0101100010101
114 164 0101100010100
188 137 0101100010111
62 36 0101100010110
41 56 0101100010001
47 50 0101100010000
56 44 001101100010
62 121 0101100010011
151 146 0101100010010
157 154 001101101101
103 103 000001011011
102 96 0101100011101
112 132 000001011010
171 170 00001111001
95 78 0101100011100
180 193 0101100011111
199 178 0101100011110
146 138 0101100011001
131 135 000001000101
131 118 0101100011000
132 125 000001000100
104 79 0101100011011
85 71 0101100011010
54 59 000001000111
107 124 0101100000101
91 80 001101101100
100 84 001101101111
83 73 0101100000100
41 50 0101100000111
108 155 0101100000110
132 188 0101100000001
187 183 001101101110
190 190 000001000110
186 185 0101100000000
187 191 001101101001
176 135 0101100000011
99 87 0101100000010
88 98 0101100001101
126 158 0101100001100
172 194 0101100001111
167 43 0101100001110
37 48 0101100001001
45 53 001101101000
60 50 000001000001
82 139 0101100001000
162 164 0101100001011
158 160 0101100001010
158 154 001101101011
104 105 001101101010
105 101 1100110010
102 103 11001011001
110 132 0101100110101
149 162 001100010101
170 169 000001000000
153 131 0101100110100
86 74 001100010100
107 100 001100010111
97 87 001100010110
91 209 0101100110111
144 135 0101100110110
103 125 0101100110001
136 125 000001000011
114 129 0101100110000
118 129 0101100110011
138 136 000001000010
97 72 0101100110010
59 96 0101100111101
54 52 000001001101
53 93 0101100111100
110 75 0101100111111
50 105 0101100111110
66 94 0101100111001
39 100 0101100111000
50 132 0101100111011
139 152 0101100111010
190 182 0101100100101
183 187 0101100100100
192 183 0101100100111
175 103 0101100100110
104 137 0101100100001
153 165 001100010001
158 168 0101100100000
190 140 0101100100011
57 30 0101100100010
52 55 000001001100
50 52 1101100001
38 57 0101100101101
137 159 001100010000
108 130 0101100101100
171 171 0101100101111
154 132 11001011000
102 92 001100010011
101 92 0101100101110
96 196 0101100101001
196 188 0101100101000
174 160 0101100101011
153 109 0101100101010
122 140 0101111010101
118 117 000001001111
103 123 0101111010100
123 91 0101111010111
82 81 0101111010110
62 49 001100010010
58 42 001100011101
59 113 0101111010001
80 47 001100011100
97 94 000001001110
97 48 0101111010000
39 102 0101111010011
149 128 0101111010010
169 195 0101111011101
184 179 0101111011100
179 180 001100011111
183 181 001100011110
182 196 0101111011111
189 102 0101111011110
65 118 0101111011001
157 167 0101111011000
180 189 0101111011011
145 66 0101111011010
32 51 0101111000101
53 56 001100011001
61 40 0101111000100
48 76 0101111000111
133 146 0101111000110
146 164 0101111000001
106 105 000001001001
101 100 000001001000
85 73 0101111000000
81 91 001100011000
98 92 000001001011
106 97 0101111000011
90 144 0101111000010
202 192 0101111001101
130 107 0101111001100
124 128 11001011011
117 125 001100011011
127 132 11001011010
86 72 0101111001111
74 67 001100011010
57 65 001100000101
51 35 0101111001110
84 79 0101111001001
80 96 001100000100
43 113 0101111001000
45 154 0101111001011
120 178 0101111001010
186 190 0101111110101
181 179 0101111110100
181 180 000001001010
175 175 11001000101
179 181 001100000111
192 187 0101111110111
200 171 0101111110110
80 57 0101111110001
94 98 001100000110
114 121 0101111110000
174 186 0101111110011
180 126 0101111110010
61 35 0101111111101
44 58 001100000001
53 47 0101111111100
52 104 0101111111111
136 143 0101111111110
156 166 0101111111001
85 72 001100000000
81 90 0101111111000
92 96 000001110101
93 97 001100000011
90 94 0101111111011
192 210 0101111111010
178 184 0101111100101
134 121 0101111100100
116 130 0101111100111
123 120 0101111100110
100 83 0101111100001
68 85 0101111100000
65 45 0101111100011
54 112 0101111100010
40 48 001100000010
83 47 0101111101101
63 68 000001110100
41 96 0101111101100
57 83 0101111101111
125 112 0101111101110
171 195 0101111101001
198 184 0101111101000
180 181 0101111101011
182 179 0101111101010
174 174 11001000100
179 184 0101110010101
192 180 0101110010100
103 73 0101110010111
92 98 0101110010110
128 117 001100001101
122 155 001100001100
186 174 0101110010001
93 49 0101110010000
32 47 0101110010011
54 57 0101110010010
57 48 001100001111
71 123 0101110011101
107 105 0101110011100
99 123 0101110011111
80 90 001100001110
95 100 001100001001
108 110 0101110011110
103 88 0101110011001
125 196 0101110011000
195 186 0101110011011
132 120 000001110111
120 110 0101110011010
129 120 0101110000101
117 93 0101110000100
72 81 0101110000111
79 87 001100001000
55 43 001100001011
60 107 0101110000110
48 78 001100001010
65 54 000001110110
80 76 0101110000001
65 76 0101110000000
95 118 001100110101
108 172 0101110000011
192 177 0101110000010
183 193 0101110001101
175 179 1100111001
178 175 0101110001100
173 175 00001111000
182 189 001100110100
188 197 0101110001111
193 186 0101110001110
140 96 0101110001001
82 96 0101110001000
82 135 0101110001011
137 169 0101110001010
148 70 0101110110101
37 43 001100110111
55 53 001100110110
56 53 11001000111
40 46 000001110001
96 129 0101110110100
124 150 0101110110111
163 162 1101111111
97 121 001100110001
155 133 0101110110110
80 91 0101110110001
98 103 0101110110000
110 98 0101110110011
88 202 0101110110010
212 192 001100110000
126 108 0101110111101
103 84 0101110111100
56 63 001100110011
74 79 0101110111111
63 50 001100110010
67 81 0101110111110
81 51 0101110111001
49 73 0101110111000
86 92 0101110111011
177 169 001100111101
173 179 0101110111010
191 199 000001110000
176 109 0101110100101
65 71 0101110100100
91 114 001100111100
115 53 0101110100111
34 42 0101110100110
60 59 001100111111
42 56 0101110100001
46 70 001100111110
117 129 0101110100000
126 155 0101110100011
106 104 000001110011
96 121 0101110100010
174 173 000001110010
156 134 1101100000
86 73 0101110101101
81 92 0101110101100
94 216 0101110101111
215 169 0101110101110
112 121 001100111001
113 125 001100111000
123 133 001100111011
109 82 0101110101001
77 79 001100111010
54 77 0101110101000
73 61 0101110101011
69 64 0101110101010
117 48 0101001010101
50 45 0101001010100
46 40 001100100101
57 114 0101001010111
102 142 001100100100
175 180 11001000110
182 158 0101001010110
169 172 001100100111
178 129 0101001010001
82 45 0101001010000
89 87 0101001010011
128 149 0101001010010
101 41 0101001011101
45 60 000001111101
56 52 000001111100
54 48 0101001011100
46 92 0101001011111
130 132 11001000001
137 152 0101001011110
163 164 0101001011001
95 121 0101001011000
148 162 0101001011011
87 74 001100100110
82 93 0101001011010
114 106 0101001000101
96 211 0101001000100
216 123 0101001000111
133 127 001100100001
106 51 0101001000110
56 58 000001111111
44 43 001100100000
66 76 001100100011
71 43 001100100010
86 102 0101001000001
83 39 0101001000000
32 57 0101001000011
136 111 0101001000010
165 134 0101001001101
189 178 0101001001100
191 185 0101001001111
180 190 0101001001110
195 202 0101001001001
198 202 00001111011
206 203 000001111110
190 138 0101001001000
86 42 0101001001011
45 69 001100101101
70 42 0101001001010
40 51 0101001110101
48 57 0101001110100
57 61 0101001110111
51 109 0101001110110
157 159 0101001110001
100 92 001100101100
94 121 0101001110000
146 161 001100101111
100 101 0101001110011
101 112 001100101110
100 179 0101001110010
212 112 0101001111101
124 106 0101001111100
83 79 000001111001
70 54 0101001111111
96 39 0101001111110
37 50 001100101001
44 56 001100101000
61 60 0101001111001
79 75 001100101011
61 67 0101001111000
34 33 001100101010
43 160 0101001111011
120 182 0101001111010
162 137 0101001100101
163 173 0101001100100
173 167 0101001100111
176 162 0101001100110
167 161 0101001100001
164 176 0101001100000
208 213 001111010101
202 162 0101001100011
97 46 0101001100010
36 74 0101001101101
113 171 0101001101100
53 55 11001000000
65 56 000001111000
46 44 001111010100
55 41 0101001101111
70 131 0101001101110
133 148 001111010111
158 151 0101001101001
163 165 001111010110
99 91 000001111011
93 121 0101001101000
146 162 0101001101011
89 76 000001111010
102 100 001111010001
104 112 001111010000
115 115 001111010011
102 129 0101001101010
216 122 0101000010101
112 122 0101000010100
90 60 001111010010
89 47 0101000010111
68 56 0101000010110
46 48 001111011101
59 49 0101000010001
85 103 0101000010000
55 119 0101000010011
36 42 0101000010010
152 112 0101000011101
176 182 000001100101
190 170 0101000011100
166 180 0101000011111
191 195 0101000011110
197 209 0101000011001
212 210 000001100100
200 175 0101000011000
113 57 0101000011011
85 165 0101000011010
86 50 0101000000101
50 54 11001000011
95 136 0101000000100
137 153 0101000000111
152 152 110111100
93 120 0101000000110
147 162 0101000000001
172 173 000001100111
105 110 001111011100
113 113 0101000000000
188 119 0101000000011
108 134 0101000000010
125 84 0101000001101
66 73 001111011111
40 44 0101000001100
69 67 001111011110
50 55 000001100110
68 48 0101000001111
83 85 001111011001
41 127 0101000001110
41 131 0101000001001
167 190 0101000001000
177 146 0101000001011
162 181 0101000001010
184 164 0101000110101
194 197 0101000110100
199 201 0101000110111
205 206 000001100001
204 215 0101000110110
213 191 0101000110001
125 70 0101000110000
38 37 001111011000
75 164 0101000110011
98 51 0101000110010
50 57 0101000111101
55 62 001111011011
63 51 001111011010
49 53 000001100000
126 138 0101000111100
142 159 0101000111111
147 146 1101100011
98 90 11001000010
92 119 001111000101
147 163 00001111010
86 95 000001100011
114 138 0101000111110
83 62 0101000111001
31 88 0101000111000
44 40 001111000100
49 79 0101000111011
54 87 0101000111010
39 55 001111000111
117 109 0101000100101
160 194 0101000100100
187 166 0101000100111
162 151 0101000100110
189 195 000001100010
198 199 0101000100001
205 207 0101000100000
206 218 0101000100011
136 93 0101000100010
80 159 0101000101101
111 57 0101000101100
55 56 000001101101
56 62 001111000110
59 50 0101000101111
45 81 001111000001
149 152 000001101100
148 163 001111000000
175 174 000001101111
126 137 001111000011
115 150 0101000101110
67 96 0101000101001
38 104 0101000101000
51 62 0101000101011
63 86 0101000101010
57 43 000001101110
67 45 001111000010
41 94 0101011010101
49 66 0101011010100
30 82 0101011010111
103 156 0101011010110
165 156 0101011010001
166 185 0101011010000
165 159 001111001101
152 166 0101011010011
159 174 0101011010010
181 192 0101011011101
212 208 001111001100
154 97 0101011011100
48 42 0101011011111
73 139 0101011011110
126 64 0101011011001
58 55 0101011011000
61 61 0101011011011
56 51 001111001111
50 49 00011010101
51 108 0101011011010
152 164 000001101001
164 164 0101011000101
162 158 000001101000
153 149 11001001101
142 142 001111001110
144 147 11001001100
99 92 001111001001
92 118 001111001000
176 174 000001101011
157 135 001111001011
88 76 0101011000100
119 118 0101011000111
179 119 0101011000110
50 87 0101011000001
73 80 0101011000000
44 116 0101011000011
66 64 11001001111
58 62 001111001010
56 129 0101011000010
124 166 0101011001101
176 171 0101011001100
157 185 0101011001111
206 169 0101011001110
122 107 0101011001001
139 160 0101011001000
173 180 0101011001011
179 189 0101011001010
204 207 11001001110
212 191 0101011110101
130 66 0101011110100
43 35 0101011110111
61 115 0101011110110
141 62 0101011110001
58 65 001111110101
65 60 001111110100
55 52 001111110111
66 128 0101011110000
134 138 0101011110011
159 154 000001101010
161 159 0101011110010
150 149 0001110001
145 142 001111110110
101 93 000000010101
92 117 001111110001
176 175 11001001001
84 95 0101011111101
112 119 0101011111100
126 130 0101011111111
152 73 001111110000
42 91 0101011111110
165 126 0101011111001
72 58 0101011111000
84 49 0101011111011
65 111 0101011111010
42 34 0101011100101
63 49 001111110011
57 58 0101011100100
59 62 0101011100111
59 46 0101011100110
126 118 0101011100001
198 156 0101011100000
172 140 0101011100011
124 93 0101011100010
81 81 0101011101101
190 187 000000010100
164 130 0101011101100
97 64 0101011101111
45 36 0101011101110
53 90 0101011101001
152 61 0101011101000
55 68 0101011101011
65 57 0101011101010
85 137 0101010010101
130 148 0101010010100
163 157 0101010010111
143 140 000000010111
137 134 000000010110
102 93 0101010010110
158 135 0101010010001
99 102 0101010010000
135 145 0101010010011
146 57 0101010010010
64 110 0101010011101
127 78 0101010011100
66 69 0101010011111
74 56 0101010011110
94 70 0101010011001
93 40 0101010011000
42 51 0101010011011
66 43 0101010011010
44 76 0101010000101
134 175 0101010000100
164 193 0101010000111
186 157 0101010000110
124 122 0101010000001
135 120 0101010000000
152 119 0101010000011
99 89 0101010000010
80 118 001111110010
171 182 001111111101
191 176 0101010001101
149 100 0101010001100
121 102 0101010001111
160 69 0101010001110
63 53 001111111100
56 56 0101010001001
99 140 0101010001000
165 154 0101010001011
161 156 0101010001010
159 153 0101010110101
100 91 0101010110100
85 119 0101010110111
145 163 11001001000
160 139 000000010001
87 76 0101010110110
99 103 001111111111
91 98 0101010110001
151 80 0101010110000
55 72 0101010110011
66 111 0101010110010
53 75 001111111110
63 47 0101010111101
71 52 000000010000
47 37 000000010011
82 46 0101010111100
44 137 0101010111111
159 166 0101010111110
184 193 0101010111001
186 181 0101010111000
153 87 0101010111011
73 75 0101010111010
67 49 000000010010
80 101 001111111001
134 156 0101010100101
158 178 0101010100100
192 193 001111111000
188 158 0101010100111
122 85 0101010100110
58 49 0101010100001
62 70 001111111011
64 42 001111111010
50 60 001111100101
157 103 0101010100000
46 60 0101010100011
147 153 001111100100
95 85 0101010100010
79 113 0101010101101
160 138 0101010101100
90 75 0101010101111
98 88 0101010101110
90 156 0101010101001
201 141 0101010101000
151 100 0101010101011
83 49 001111100111
53 94 0101010101010
85 75 001111100110
76 90 1010101010101
59 44 1010101010100
39 52 1010101010111
48 34 1010101010110
44 104 1010101010001
64 39 1010101010000
46 35 1010101010011
189 149 1010101010010
70 56 1010101011101
64 50 1010101011100
93 61 1010101011111
41 59 1010101011110
137 129 1010101011001
134 150 1010101011000
155 180 1010101011011
166 79 1010101011010
71 47 1010101000101
64 52 000000011101
57 41 1010101000100
165 100 1010101000111
58 64 1010101000110
55 49 1010101000001
46 74 1010101000000
134 136 11001001011
151 156 1010101000011
97 90 001111100001
74 109 1010101000010
159 136 1010101001101
86 99 1010101001100
95 91 001111100000
97 172 1010101001111
147 142 1010101001110
133 62 1010101001001
45 37 1010101001000
111 105 1010101001011
42 45 1010101001010
75 49 001111100011
48 47 00011010100
51 76 1010101110101
37 52 1010101110100
112 183 1010101110111
165 178 1010101110110
160 83 1010101110001
62 35 1010101110000
65 65 1010101110011
35 72 1010101110010
88 83 1010101111101
153 183 1010101111100
214 198 1010101111111
67 46 1010101111110
56 127 1010101111001
155 77 1010101111000
40 50 001111100010
47 39 1010101111011
170 89 1010101111010
66 61 1010101100101
49 99 1010101100100
135 131 1010101100111
91 79 1010101100110
73 108 001111101101
177 177 1101111110
178 177 001111101100
159 135 1010101100001
96 73 1010101100000
85 101 1010101100011
44 164 1010101100010
134 183 1010101101101
155 112 1010101101100
68 49 001111101111
57 95 1010101101111
51 71 1010101101110
75 54 1010101101001
49 44 1010101101000
101 53 1010101101011
38 52 1010101101010
40 35 1010100010101
40 113 1010100010100
127 169 1010100010111
172 186 1010100010110
202 175 1010100010001
109 107 1010100010000
85 45 1010100010011
103 72 1010100010010
82 79 1010100011101
212 196 1010100011100
157 93 1010100011111
104 111 1010100011110
126 134 1010100011001
158 197 1010100011000
206 142 1010100011011
109 98 1010100011010
68 89 1010100000101
161 93 1010100000100
50 40 001111101110
45 44 000000011100
58 48 1010100000111
171 81 1010100000110
73 56 1010100000001
57 121 1010100000000
138 145 1010100000011
138 134 001111101001
137 148 001111101000
100 100 001111101011
92 79 1010100000010
73 109 1010100001101
160 136 1010100001100
97 79 001111101010
90 102 001110010101
107 88 1010100001111
74 87 1010100001110
84 170 1010100001001
170 216 1010100001000
134 73 1010100001011
48 41 000000011111
40 67 1010100001010
50 61 1010100110101
70 49 1010100110100
42 48 1010100110111
45 32 001110010100
82 113 1010100110110
189 198 1010100110001
176 114 1010100110000
122 134 1010100110011
120 94 1010100110010
107 126 1010100111101
111 168 1010100111100
194 205 1010100111111
149 134 1010100111110
157 201 1010100111001
206 128 1010100111000
108 169 1010100111011
160 94 1010100111010
173 91 1010100100101
83 60 1010100100100
45 51 1010100100111
56 48 001110010111
74 133 1010100100110
139 149 000000011110
143 136 00011010111
163 175 1010100100001
92 78 1010100100000
72 109 1010100100011
177 179 000000011001
162 138 1010100100010
96 87 1010100101101
96 103 001110010110
102 68 1010100101100
73 140 1010100101111
170 76 1010100101110
46 89 1010100101001
102 90 1010100101000
88 48 1010100101011
51 54 1010100101010
82 76 1010111010101
125 137 1010111010100
95 68 1010111010111
51 39 1010111010110
42 47 1010111010001
53 38 1010111010000
32 46 1010111010011
124 157 1010111010010
171 186 1010111011101
205 165 1010111011100
112 130 1010111011111
136 137 1100111000
124 105 1010111011110
111 139 1010111011001
142 148 1010111011000
170 155 1010111011011
126 133 1010111011010
154 197 1010111000101
219 167 1010111000100
153 141 1010111000111
135 129 1010111000110
97 67 1010111000001
75 57 1010111000000
49 57 000000011000
69 50 001110010001
170 111 1010111000011
88 61 1010111000010
97 135 1010111001101
141 154 1010111001100
138 152 1010111001111
185 186 1010111001110
89 74 1010111001001
68 106 1010111001000
144 162 1010111001011
176 178 001110010000
163 139 1010111001010
97 84 1010111110101
88 96 1010111110100
103 114 1010111110111
113 105 1010111110110
112 69 1010111110001
99 41 1010111110000
38 48 1010111110011
129 114 1010111110010
96 48 001110010011
43 64 000000011011
99 79 1010111111101
123 50 1010111111100
45 55 000000011010
49 42 001110010010
50 42 1010111111111
39 107 1010111111110
120 170 1010111111001
171 193 1010111111000
180 100 1010111111011
108 137 1010111111010
119 136 1010111100101
136 158 1010111100100
120 130 1010111100111
153 199 1010111100110
221 179 1010111100001
153 140 1010111100000
84 59 1010111100011
42 54 1010111100010
66 49 1010111101101
161 128 1010111101100
82 55 1010111101111
49 56 001110011101
121 133 1010111101110
145 157 1010111101001
151 151 00011010110
165 180 1010111101000
190 193 1010111101011
190 186 1010111101010
93 85 1010110010101
84 69 1010110010100
62 100 1010110010111
143 161 001110011100
175 178 11001001010
164 140 1010110010110
97 80 1010110010001
89 107 1010110010000
113 138 1010110010011
143 114 1010110010010
69 84 001110011111
79 65 1010110011101
98 89 1010110011100
98 50 1010110011111
42 73 1010110011110
55 118 1010110011001
103 86 1010110011000
79 49 1010110011011
37 54 1010110011010
46 43 001110011110
48 125 1010110000101
150 177 1010110000100
122 132 1010110000111
159 152 1010110000110
154 161 1010110000001
126 144 1010110000000
141 189 1010110000011
219 187 1010110000010
163 152 1010110001101
149 130 1010110001100
103 64 001110011001
40 54 1010110001111
67 51 001110011000
157 140 1010110001110
137 131 000000000101
148 158 1010110001001
149 148 001110011011
148 148 1101100010
142 138 1010110001000
134 131 001110011010
157 176 1010110001011
188 190 1010110001010
91 90 1010110110101
78 67 001110000101
58 97 1010110110100
138 159 001110000100
162 139 001110000111
99 75 1010110110111
105 111 1010110110110
120 107 1010110110001
142 97 1010110110000
58 54 001110000110
102 119 1010110110011
105 83 1010110110010
80 37 1010110111101
48 87 1010110111100
117 110 1010110111111
118 66 1010110111110
47 43 001110000001
138 105 1010110111001
173 195 1010110111000
192 58 1010110111011
90 110 1010110111010
127 137 1010110100101
146 154 1010110100100
170 171 1010110100111
161 151 1010110100110
129 125 000000000100
139 186 1010110100001
216 194 001110000000
170 164 1010110100000
112 67 1010110100011
43 61 1010110100010
65 47 1010110101101
155 162 1010110101100
46 91 1010110101111
138 132 000000000111
138 129 1010110101110
135 159 1010110101001
83 81 1010110101000
77 67 1010110101011
59 98 1010110101010
140 160 00100010101
180 180 001110000011
99 76 1010001010101
84 102 1010001010100
116 141 1010001010111
151 136 1010001010110
128 61 1010001010001
77 56 1010001010000
73 66 1010001010011
92 113 001110000010
112 84 1010001010010
44 57 001110001101
74 106 1010001011101
120 54 1010001011100
74 115 1010001011111
86 43 1010001011110
41 65 1010001011001
119 163 1010001011000
177 196 1010001011011
101 55 1010001011010
99 115 1010001000101
142 152 1010001000100
160 168 1010001000111
172 175 1010001000110
164 153 1010001000001
133 126 001110001100
136 181 1010001000000
216 202 1010001000011
144 137 1010001000010
111 65 1010001001101
73 47 1010001001100
58 41 001110001111
45 52 001110001110
44 110 1010001001111
138 144 1010001001110
149 149 00100010100
148 175 1010001001001
195 193 001110001001
82 82 1010001001000
78 76 1010001001011
73 64 1010001001010
56 97 1010001110101
142 161 001110001000
175 177 001110001011
179 179 1010001110100
162 140 1010001110111
98 83 1010001110110
84 105 1010001110001
105 124 1010001110000
124 97 1010001110011
106 82 1010001110010
81 59 1010001111101
61 104 1010001111100
74 126 1010001111111
74 75 000000000110
41 43 1010001111110
59 80 1010001111001
78 41 1010001111000
89 128 1010001111011
114 34 1010001111010
36 136 1010001100101
119 177 1010001100100
193 154 1010001100111
106 119 001110001010
158 165 1010001100110
172 176 000000000001
161 150 1010001100001
133 174 1010001100000
212 209 001110110101
148 138 1010001100011
109 63 1010001100010
79 44 1010001101101
68 37 1010001101100
51 131 1010001101111
137 155 1010001101110
161 154 1010001101001
147 147 000000000000
168 193 1010001101000
193 192 001110110100
76 77 001110110111
74 73 001110110110
70 60 1010001101011
54 95 1010001101010
161 139 1010000010101
93 81 001110110001
87 98 001110110000
97 107 1010000010100
121 92 1010000010111
115 83 1010000010110
98 87 1010000010001
86 59 1010000010000
72 124 1010000010011
82 64 1010000010010
52 53 00100010111
59 38 1010000011101
99 105 1010000011100
127 58 1010000011111
33 32 1010000011110
59 121 1010000011001
149 188 1010000011000
198 58 1010000011011
42 65 1010000011010
105 119 001110110011
139 147 1010000000101
133 168 1010000000100
206 213 1010000000111
103 59 1010000000110
82 39 1010000000001
87 36 1010000000000
73 138 1010000000011
161 153 1010000000010
142 143 00011010001
139 131 1010000001101
134 159 1010000001100
186 199 1010000001111
69 59 1010000001110
53 95 1010000001001
94 76 001110110010
96 105 1010000001000
136 91 1010000001011
69 126 1010000001010
56 68 1010000110101
66 123 1010000110100
56 60 1010000110111
51 38 001110111101
56 43 1010000110110
109 124 1010000110001
44 35 1010000110000
118 110 1010000110011
196 202 1010000110010
91 37 1010000111101
72 70 1010000111100
103 117 001110111100
140 146 1010000111111
150 154 001110111111
167 171 001110111110
169 164 1010000111110
153 142 1010000111001
127 123 1010000111000
133 163 1010000111011
202 219 1010000111010
151 138 1010000100101
93 55 1010000100100
53 54 00011010000
83 38 1010000100111
129 146 1010000100110
110 37 1010000100001
58 43 1010000100000
102 136 1010000100011
145 158 1010000100010
158 153 1010000101101
135 130 001110111001
145 178 1010000101100
191 193 1010000101111
76 73 1010000101110
68 57 1010000101001
51 93 1010000101000
141 159 1010000101011
99 71 1010000101010
98 112 001110111000
120 58 1010011010101
112 93 001110111011
85 60 1010011010100
86 103 1010011010111
90 52 1010011010110
64 57 001110111010
41 33 1010011010001
59 101 1010011010000
68 97 001110100101
122 166 1010011010011
60 118 1010011010010
22 47 1010011011101
198 164 1010011011100
32 37 1010011011111
63 71 1010011011110
102 116 1010011011001
151 140 1010011011000
130 154 1010011011011
196 225 1010011011010
161 152 1010011000101
150 137 1010011000100
78 49 1010011000111
57 62 1010011000110
80 36 1010011000001
106 152 1010011000000
127 37 1010011000011
45 46 001110100100
125 134 1010011000010
142 139 000000000011
132 137 1010011001101
163 191 1010011001100
197 188 1010011001111
192 196 1010011001110
207 208 000000000010
78 80 1010011001001
76 72 1010011001000
65 53 001110100111
46 88 1010011001011
140 159 00100010110
161 140 1010011001010
97 66 1010011110101
87 110 1010011110100
112 64 1010011110111
108 104 001110100110
86 70 1010011110110
90 107 1010011110001
74 68 001110100001
48 46 001110100000
72 82 1010011110000
71 111 1010011110011
86 123 1010011110010
41 63 1010011111101
42 97 1010011111100
119 182 1010011111111
187 54 1010011111110
36 38 1010011111001
93 77 1010011111000
100 115 1010011111011
152 157 1010011111010
160 162 1010011100101
145 132 1010011100100
123 134 1010011100111
128 145 1010011100110
188 227 1010011100001
165 149 1010011100000
148 137 1010011100011
131 112 001110100011
64 43 1010011100010
52 67 001110100010
76 34 1010011101101
79 157 1010011101100
141 42 1010011101111
37 68 1010011101110
138 138 00001010001
182 197 1010011101001
196 201 00100010001
206 206 00100010000
79 81 1010011101000
77 72 1010011101011
44 86 1010011101010
162 141 1010010010101
92 74 1010010010100
95 126 1010010010111
98 68 1010010010110
76 109 1010010010001
86 78 1010010010000
98 46 1010010010011
127 109 1010010010010
110 109 1010010011101
52 25 1010010011100
69 99 1010010011111
96 144 1010010011110
95 58 1010010011001
115 131 1010010011000
102 163 1010010011011
138 37 1010010011010
36 47 001110101101
95 72 1010010000101
97 113 1010010000100
133 139 1010010000111
148 152 000000001101
139 125 1010010000110
120 137 1010010000001
183 229 1010010000000
169 148 001110101100
147 137 1010010000011
130 106 1010010000010
55 39 1010010001101
46 69 1010010001100
73 34 1010010001111
64 161 1010010001110
152 50 1010010001001
39 92 1010010001000
135 162 1010010001011
207 206 001110101111
78 75 1010010001010
66 53 1010010110101
58 89 001110101110
163 140 1010010110100
98 118 1010010110111
85 63 1010010110110
67 72 001110101001
105 59 1010010110001
108 77 001110101000
140 88 1010010110000
52 35 1010010110011
34 93 1010010110010
72 35 1010010111101
33 43 1010010111100
157 177 1010010111111
186 153 1010010111110
59 34 1010010111001
42 40 001110101011
97 71 1010010111000
144 151 1010010111011
141 123 1010010111010
121 135 1010010100101
169 209 1010010100100
120 71 1010010100111
50 75 1010010100110
68 44 001110101010
39 166 1010010100001
130 68 1010010100000
39 114 1010010100011
160 151 1010010100010
146 178 1010010101101
190 198 1010010101100
207 207 00100010011
82 77 1010010101111
77 75 110001010101
69 58 1010010101110
67 102 1010010101001
164 141 1010010101000
100 73 1010010101011
88 90 1010010101010
110 110 1011101010101
79 73 1011101010100
51 103 1011101010111
70 80 1011101010110
92 87 1011101010001
157 73 1011101010000
61 62 1011101010011
34 43 1011101010010
83 107 1011101011101
39 95 1011101011100
158 185 1011101011111
168 66 1011101011110
104 84 1011101011001
101 113 110001010100
130 138 1011101011000
149 137 1011101011011
117 113 1011101011010
96 120 1011101000101
153 179 1011101000100
156 145 1011101000111
108 57 1011101000110
43 48 110001010111
52 73 1011101000001
40 156 1011101000000
132 78 1011101000011
54 125 1011101000010
147 148 000000001100
155 185 1011101001101
78 77 1011101001100
72 65 1011101001111
80 119 1011101001110
165 143 1011101001001
106 69 1011101001000
84 97 1011101001011
69 74 1011101001010
68 74 1011101110101
60 95 1011101110100
100 78 1011101110111
110 90 1011101110110
94 45 1011101110001
44 150 1011101110000
39 33 1011101110011
106 50 1011101110010
76 110 1011101111101
103 120 1011101111100
121 186 1011101111111
71 33 1011101111110
59 57 110001010110
111 82 1011101111001
105 116 110001010001
152 148 1011101111000
138 127 1011101111011
118 133 1011101111010
123 155 1011101100101
155 147 1011101100100
84 45 1011101100111
41 53 1011101100110
56 71 1011101100001
70 57 1011101100000
43 140 1011101100011
136 88 1011101100010
71 132 1011101101101
146 148 00100010010
136 134 00011010011
164 191 1011101101100
200 207 110001010000
208 207 110001010011
76 74 110001010010
77 76 1011101101111
71 66 1011101101110
85 128 1011101101001
174 180 1011101101000
166 144 1011101101011
103 75 1011101101010
103 128 1011100010101
67 63 110001011101
100 51 1011100010100
78 69 1011100010111
80 129 1011100010110
130 49 1011100010001
50 128 1011100010000
59 56 000000001111
57 113 1011100010011
122 151 1011100010010
155 97 1011100011101
140 152 1011100011100
37 49 1011100011111
55 54 1011100011110
55 50 00100011101
110 119 1011100011001
147 138 1011100011000
146 174 1011100011011
159 186 1011100011010
197 174 1011100000101
57 45 1011100000100
42 58 1011100000111
61 68 1011100000110
67 57 110001011100
42 121 1011100000001
138 87 1011100000000
92 139 1011100000011
170 195 1011100000010
74 72 110001011111
83 127 1011100001101
165 144 110001011110
99 69 110001011001
89 92 1011100001100
117 124 1011100001111
96 83 1011100001110
74 53 1011100001001
66 75 110001011000
143 83 1011100001000
48 56 1011100001011
62 153 1011100001010
156 183 1011100110101
182 46 1011100110100
44 62 1011100110111
52 42 110001011011
111 119 1011100110110
129 137 1011100110001
146 144 000000001110
164 196 1011100110000
180 196 1011100110011
196 165 1011100110010
137 84 1011100111101
48 60 110001011010
68 66 1011100111100
64 55 000000001001
40 102 1011100111111
141 84 1011100111110
116 146 1011100111001
131 139 110001000101
176 198 1011100111000
208 209 000000001000
72 69 1011100111011
71 70 1011100111010
66 62 110001000100
82 125 1011100100101
165 145 110001000111
104 68 1011100100100
88 106 1011100100111
70 74 1011100100110
116 55 1011100100001
66 66 1011100100000
69 91 1011100100011
64 71 1011100100010
67 110 1011100101101
138 52 1011100101100
65 89 110001000110
99 154 1011100101111
185 118 1011100101110
91 144 1011100101001
55 70 1011100101000
104 100 1011100101011
130 137 1011100101010
140 138 00011010010
171 198 1011111010101
127 53 1011111010100
48 43 1011111010111
54 61 000000001011
76 68 1011111010110
65 58 1011111010001
40 85 1011111010000
149 94 1011111010011
130 145 1011111010010
128 143 1011111011101
179 198 1011111011100
207 205 110001000001
67 64 1011111011111
66 67 1011111011110
83 124 1011111011001
171 172 110001000000
166 146 110001000011
104 71 1011111011000
95 110 110001000010
108 123 110001001101
55 66 1011111011011
98 55 1011111011010
72 60 1011111000101
69 79 1011111000100
79 76 1011111000111
80 59 1011111000110
116 124 1011111000001
87 37 1011111000000
123 163 1011111000011
149 189 1011111000010
156 106 1011111001101
124 83 1011111001100
42 74 110001001100
54 41 1011111001111
46 63 1011111001110
95 107 1011111001001
143 139 1011111001000
161 178 1011111001011
183 171 1011111001010
169 162 1011111110101
93 43 1011111110100
54 68 1011111110111
80 67 1011111110110
68 64 1011111110001
39 67 1011111110000
156 113 1011111110011
126 147 1011111110010
183 199 1011111111101
209 210 1011111111100
211 211 00100011100
60 57 1011111111111
60 63 1011111111110
65 64 1011111111001
83 123 1011111111000
178 180 000000001010
167 148 1011111111011
100 74 1011111111010
118 98 1011111100101
64 64 110001001111
84 68 1011111100100
70 47 1011111100111
66 122 1011111100110
94 90 1011111100001
75 100 1011111100000
79 102 1011111100011
91 119 1011111100010
130 176 1011111101101
203 186 1011111101100
110 103 1011111101111
159 49 1011111101110
55 65 1011111101001
106 94 1011111101000
87 106 1011111101011
135 137 00011100001
122 110 110001001110
130 125 110001001001
117 115 1011111101010
134 109 1011110010101
59 48 110001001000
50 76 110001001011
79 64 1011110010100
68 67 110001001010
36 53 1011110010111
159 127 1011110010110
141 138 00100011111
127 153 1011110010001
188 202 1011110010000
209 208 1011110010011
210 211 1011110010010
212 212 110001110101
212 211 110001110100
60 65 1011110011101
61 72 1011110011100
87 127 1011110011111
174 177 1011110011110
179 178 1011110011001
162 144 1011110011000
104 118 110001110111
144 121 1011110011011
49 65 1011110011010
35 70 1011110000101
69 71 110001110110
60 130 1011110000100
106 87 1011110000111
124 71 1011110000110
59 130 1011110000001
131 195 1011110000000
203 99 1011110000011
100 170 1011110000010
55 48 000000110101
56 54 000000110100
84 90 1011110001101
78 101 1011110001100
135 123 1011110001111
111 117 1011110001110
146 132 1011110001001
122 136 1011110001000
147 87 1011110001011
63 65 110001110001
154 146 1011110001010
147 152 110001110000
124 159 1011110110101
195 210 1011110110100
210 208 1011110110111
61 63 1011110110110
59 73 1011110110001
88 126 1011110110000
167 149 110001110011
123 95 1011110110011
89 104 1011110110010
122 97 1011110111101
68 103 1011110111100
92 60 1011110111111
57 150 1011110111110
73 90 1011110111001
110 88 1011110111000
72 101 1011110111011
121 146 1011110111010
164 76 1011110100101
65 46 1011110100100
43 41 1011110100111
52 48 1011110100110
72 50 110001110010
68 92 1011110100001
114 122 110001111101
126 121 1011110100000
142 164 1011110100011
182 151 1011110100010
116 69 1011110101101
42 46 1011110101100
64 63 110001111100
150 153 00100011110
123 161 1011110101111
199 213 1011110101110
211 209 000000110111
209 211 00011100000
214 216 110001111111
210 209 000000110110
58 56 000000110001
55 74 1011110101001
89 121 1011110101000
170 153 1011110101011
107 73 1011110101010
88 136 1011001010101
106 88 110001111110
68 116 1011001010100
50 41 1011001010111
90 85 1011001010110
81 146 1011001010001
108 84 110001111001
65 109 1011001010000
112 202 1011001010011
112 163 1011001010010
118 58 1011001011101
62 41 1011001011100
71 79 1011001011111
61 83 1011001011110
115 117 1011001011001
128 141 1011001011000
147 133 1011001011011
151 135 1011001011010
80 51 110001111000
39 48 1011001000101
83 83 110001111011
65 62 110001111010
139 133 1011001000100
120 165 1011001000111
205 216 1011001000110
213 210 000000110000
211 214 1011001000001
215 214 1011001000000
55 80 1011001000011
93 117 1011001000010
169 151 110001100101
96 66 1011001001101
104 109 1011001001100
47 55 110001100100
72 53 000000110011
99 138 1011001001111
95 113 1011001001110
133 106 1011001001001
86 120 1011001001000
121 197 1011001001011
181 158 110001100111
66 44 1011001001010
50 59 1011001110101
55 63 110001100110
63 54 110001100001
63 69 110001100000
62 76 1011001110100
95 104 110001100011
132 136 000000110010
118 125 1011001110111
136 138 00100011001
149 99 1011001110110
79 84 1011001110001
137 130 1011001110000
118 168 1011001110011
212 214 110001100010
209 206 110001101101
60 90 1011001110010
99 118 110001101100
178 179 110001101111
98 71 1011001111101
107 92 1011001111100
89 58 1011001111111
72 66 110001101110
42 59 1011001111110
62 51 110001101001
122 138 1011001111001
90 125 1011001111000
105 106 1011001111011
90 118 1011001111010
75 124 1011001100101
111 202 1011001100100
180 62 1011001100111
49 47 110001101000
53 62 1011001100110
57 60 1011001100001
65 68 1011001100000
121 128 1011001100011
137 138 00001101001
146 151 1011001100010
129 57 1011001101101
43 54 1011001101100
49 50 00100011000
79 86 1011001101111
68 68 1011001101110
61 53 1011001101001
146 150 1011001101000
135 128 1011001101011
117 172 1011001101010
211 216 110001101011
214 214 1011000010101
213 214 110001101010
49 48 110000010101
62 93 1011000010100
103 121 1011000010111
164 142 1011000010110
95 111 1011000010001
88 51 110000010100
51 72 1011000010000
109 108 1011000010011
88 122 1011000010010
102 82 1011000011101
106 194 1011000011100
84 40 1011000011111
42 55 110000010111
58 50 1011000011110
55 58 000000111101
64 60 1011000011001
70 75 1011000011000
88 107 1011000011011
114 127 1011000011010
131 134 00100011011
138 140 110000010110
141 145 110000010001
165 168 110000010000
61 52 110000010011
85 90 1011000000101
71 71 1011000000100
64 56 110000010010
145 151 1011000000111
134 128 1011000000110
118 178 1011000000001
216 215 1011000000000
212 213 000000111100
213 213 1011000000011
210 207 110000011101
102 124 1011000000010
105 60 1011000001101
110 55 1011000001100
46 76 1011000001111
106 100 1011000001110
57 92 1011000001001
133 118 1011000001000
127 106 1011000001011
93 133 1011000001010
68 52 110000011100
52 58 1011000110101
61 56 1011000110100
66 82 1011000110111
94 117 1011000110110
139 144 1011000110001
161 167 1011000110000
150 139 1011000110011
71 60 1011000110010
51 51 000000111111
60 51 1011000111101
52 64 1011000111100
144 149 1011000111111
146 142 1011000111110
121 185 1011000111001
222 216 1011000111000
211 213 000000111110
200 189 1011000111011
54 85 1011000111010
101 127 1011000100101
167 147 1011000100100
97 63 1011000100111
74 92 1011000100110
101 51 1011000100001
68 73 1011000100000
109 125 1011000100011
141 129 1011000100010
132 129 1011000101101
84 73 1011000101100
51 43 1011000101111
66 55 1011000101110
75 105 1011000101001
132 139 1011000101000
164 162 1011000101011
148 131 1011000101010
55 59 000000111001
54 46 1011011010101
53 72 1011011010100
90 91 1011011010111
75 77 1011011010110
144 141 1011011010001
123 190 1011011010000
227 217 1011011010011
210 214 1011011010010
199 184 1011011011101
154 127 1011011011100
41 46 1011011011111
51 80 1011011011110
94 122 1011011011001
142 162 1011011011000
166 145 1011011011011
89 66 1011011011010
120 87 1011011000101
44 67 1011011000100
71 53 1011011000111
58 72 1011011000110
84 131 1011011000001
68 76 1011011000000
84 120 110000011111
109 104 1011011000011
138 150 1011011000010
136 129 1011011001101
47 53 110000011110
55 57 1011011001100
62 58 1011011001111
65 69 1011011001110
59 55 110000011001
62 69 1011011001001
74 89 110000011000
107 119 110000011011
162 156 1011011001000
60 38 1011011001011
57 68 1011011001010
61 69 1011011110101
90 89 1011011110100
75 82 000000111000
68 61 110000011010
133 138 00100011010
146 140 1011011110111
130 115 1011011110110
134 200 1011011110001
218 212 1011011110000
214 208 110000000101
209 212 110000000100
201 189 1011011110011
167 106 1011011110010
47 40 110000000111
45 71 1011011111101
86 116 1011011111100
140 163 1011011111111
173 169 1011011111110
157 138 1011011111001
108 146 1011011111000
99 107 1011011111011
73 68 1011011111010
71 126 1011011100101
116 81 1011011100100
67 122 1011011100111
78 136 1011011100110
108 49 1011011100001
40 57 1011011100000
47 52 1011011100011
57 53 110000000110
60 73 110000000001
139 146 1011011100010
171 146 1011011101101
92 68 1011011101100
51 57 110000000000
63 45 110000000011
45 73 1011011101111
78 86 1011011101110
139 142 00001010000
128 118 1011011101001
149 210 1011011101000
222 208 1011011101011
200 195 1011011101010
174 115 1011010010101
59 45 1011010010100
62 60 110000000010
52 41 1011010010111
42 64 1011010010110
74 100 1011010010001
134 160 1011010010000
174 170 1011010010011
165 150 1011010010010
161 101 1011010011101
67 106 1011010011100
42 50 1011010011111
55 40 1011010011110
80 127 1011010011001
126 97 1011010011000
40 108 1011010011011
138 98 1011010011010
105 135 1011010000101
110 72 1011010000100
166 128 1011010000111
63 80 1011010000110
60 66 110000001101
54 71 1011010000001
94 113 1011010000000
128 137 1011010000011
141 147 1011010000010
156 168 1011010001101
185 197 1011010001100
121 76 1011010001111
58 51 110000001100
99 88 1011010001110
78 87 1011010001001
73 69 1011010001000
165 152 1011010001011
113 112 110000001111
111 112 110000001110
113 115 110000001001
122 125 110000001000
122 116 1011010001010
171 214 1011010110101
206 209 00100001101
210 201 1011010110100
202 177 1011010110111
128 63 1011010110110
31 46 1011010110001
65 74 110000001011
96 85 1011010110000
48 62 000000111011
61 80 1011010110011
127 155 1011010110010
171 168 1011010111101
172 181 1011010111100
177 166 1011010111111
109 75 1011010111110
67 107 1011010111001
37 29 1011010111000
85 49 1011010111011
94 74 110000001010
130 90 1011010111010
111 101 110000110101
158 83 1011010100101
112 41 1011010100100
60 71 110000110100
52 57 00100001100
57 54 1011010100111
52 66 1011010100110
93 114 1011010100001
158 169 1011010100000
183 200 1011010100011
128 58 1011010100010
49 35 1011010101101
45 91 1011010101100
101 83 1011010101111
75 85 00100001111
70 69 1011010101110
163 145 1011010101001
107 109 1011010101000
111 116 1011010101011
112 101 1011010101010
173 206 1000101010101
206 201 1000101010100
211 202 1000101010111
185 120 1000101010110
54 70 1000101010001
81 93 1000101010000
99 78 1000101010011
122 152 1000101010010
170 178 1000101011101
171 158 1000101011100
90 108 1000101011111
161 45 1000101011110
43 40 1000101011001
47 100 1000101011000
34 46 110000110111
121 79 1000101011011
77 43 1000101011010
91 107 1000101000101
73 91 1000101000100
108 114 1000101000111
154 90 1000101000110
84 65 1000101000001
57 72 1000101000000
39 71 1000101000011
55 61 1000101000010
163 177 1000101001101
211 191 1000101001100
110 49 1000101001111
102 81 1000101001110
73 83 1000101001001
69 70 1000101001000
139 136 1000101001011
131 124 110000110110
95 93 110000110001
104 80 1000101001010
159 198 1000101110101
204 179 1000101110100
118 61 1000101110111
50 66 1000101110110
70 81 1000101110001
87 80 1000101110000
88 72 110000110000
51 64 1000101110011
162 143 1000101110010
103 40 1000101111101
41 42 1000101111100
74 108 1000101111111
45 57 110000110011
114 78 1000101111110
66 52 1000101111001
114 84 110000110010
155 134 1000101111000
94 140 1000101111011
58 130 1000101111010
41 77 1000101100101
50 50 110000111101
49 58 1000101100100
60 56 110000111100
88 118 1000101100111
149 156 1000101100110
166 175 1000101100001
182 187 1000101100000
192 206 1000101100011
204 216 1000101100010
203 142 1000101101101
65 48 1000101101100
94 75 1000101101111
69 78 1000101101110
69 69 1000101101001
152 136 1000101101000
136 133 1000101101011
119 114 1000101101010
105 98 1000100010101
105 75 110000111111
168 204 1000100010100
211 207 1000100010111
177 115 1000100010110
80 85 110000111110
90 76 1000100010001
147 139 1000100010000
115 89 1000100010011
121 154 1000100010010
162 142 1000100011101
199 91 1000100011100
38 39 1000100011111
76 63 1000100011110
78 93 1000100011001
57 69 1000100011000
69 66 110000111001
56 101 110000111000
105 121 1000100011011
96 72 1000100011010
40 70 1000100000101
54 65 1000100000100
65 83 1000100000111
67 52 1000100000110
84 117 1000100000001
147 158 1000100000000
162 169 1000100000011
180 182 1000100000010
202 207 1000100001101
212 223 1000100001100
161 52 1000100001111
76 62 1000100001110
60 72 1000100001001
68 69 1000100001000
129 126 110000111011
116 126 1000100001011
117 94 1000100001010
190 211 1000100110101
211 198 1000100110100
142 58 1000100110111
57 84 1000100110110
89 77 1000100110001
87 89 1000100110000
122 133 1000100110011
63 60 1000100110010
164 145 1000100111101
211 134 1000100111100
62 57 000000111010
67 68 1000100111111
58 58 1000100111110
46 62 1000100111001
49 97 1000100111000
72 64 1000100111011
79 72 1000100111010
132 75 1000100100101
161 91 1000100100100
144 56 1000100100111
51 75 1000100100110
54 60 110000111010
62 56 1000100100001
59 72 1000100100000
70 92 1000100100011
73 53 1000100100010
84 116 1000100101101
116 112 1000100101100
143 147 000011010001
179 187 110000100101
207 214 110000100100
209 172 110000100111
54 67 1000100101111
148 139 1000100101110
125 118 1000100101001
119 129 1000100101000
198 211 1000100101011
212 216 1000100101010
207 177 1000111010101
120 45 1000111010100
93 90 1000111010111
60 104 1000111010110
158 124 1000111010001
118 157 110000100110
144 79 1000111010000
38 43 1000111010011
45 40 1000111010010
103 48 1000111011101
73 44 1000111011100
95 64 1000111011111
92 95 1000111011110
122 98 1000111011001
68 146 1000111011000
156 39 1000111011011
37 76 1000111011010
51 58 1000111000101
64 111 1000111000100
102 43 1000111000111
79 117 1000111000110
117 135 1000111000001
142 146 110000100001
186 191 1000111000000
198 203 1000111000011
122 37 1000111000010
56 46 110000100000
51 101 1000111001101
137 145 1000111001100
129 153 1000111001111
206 214 1000111001110
198 148 1000111001001
80 81 1000111001000
92 92 1000111001011
100 109 110000100011
106 95 1000111001010
93 99 1000111110101
39 80 1000111110100
127 163 1000111110111
168 136 1000111110110
74 52 1000111110001
119 157 000011010000
168 147 1000111110000
167 86 1000111110011
55 42 1000111110010
115 49 110000100010
58 37 1000111111101
87 47 1000111111100
68 96 1000111111111
93 122 1000111111110
41 102 1000111111001
125 41 1000111111000
49 63 1000111111011
57 47 110000101101
47 54 110000101100
66 57 110000101111
73 111 1000111111010
103 44 1000111100101
84 119 1000111100100
121 132 1000111100111
197 202 1000111100110
214 218 1000111100001
200 68 1000111100000
48 131 1000111100011
127 140 1000111100010
148 176 1000111101101
189 120 1000111101100
89 96 1000111101111
99 94 1000111101110
97 104 1000111101001
27 59 1000111101000
116 163 1000111101011
175 146 1000111101010
72 45 1000110010101
170 149 1000110010100
116 83 1000110010111
44 45 110000101110
129 38 1000110010110
82 34 1000110010001
58 76 110000101001
83 57 1000110010000
107 69 1000110010011
89 133 1000110010010
57 74 1000110011101
155 56 1000110011100
26 70 1000110011111
63 52 1000110011110
83 108 1000110011001
104 43 1000110011000
87 119 1000110011011
165 170 110000101000
184 189 1000110011010
205 208 00100001110
213 216 1000110000101
225 152 1000110000100
38 38 1000110000111
38 139 1000110000110
127 119 1000110000001
138 158 1000110000000
176 199 1000110000011
215 210 1000110000010
165 95 1000110001101
95 105 1000110001100
108 99 1000110001111
91 93 1000110001110
29 48 1000110001001
108 159 1000110001000
175 149 1000110001011
70 39 1000110001010
172 151 1000110110101
133 104 1000110110100
60 46 110000101011
135 48 1000110110111
70 34 1000110110110
49 72 1000110110001
61 98 1000110110000
102 75 1000110110011
69 146 110000101010
176 54 1000110110010
39 84 1000110111101
64 54 1000110111100
95 109 1000110111111
108 44 1000110111110
89 117 1000110111001
155 159 001001010101
194 200 1000110111000
212 215 1000110111011
218 214 1000110111010
51 33 1000110100101
33 147 1000110100100
140 137 11010111011
164 185 1000110100111
216 213 001001010100
211 199 1000110100110
131 87 1000110100001
105 112 1000110100000
108 94 1000110100011
89 97 001001010111
29 39 1000110100010
99 155 1000110101101
173 151 1000110101100
74 39 1000110101111
172 152 1000110101110
159 79 1000110101001
46 94 1000110101000
117 49 1000110101011
54 43 1000110101010
44 54 1000001010101
71 91 1000001010100
106 67 1000001010111
150 123 1000001010110
34 85 1000001010001
67 55 1000001010000
59 51 1000001010011
108 117 1000001010010
91 116 1000001011101
154 158 1000001011100
161 166 1000001011111
182 186 1000001011110
219 217 1000001011001
123 36 1000001011000
30 146 1000001011011
122 139 1000001011010
190 209 1000001000101
212 207 1000001000100
209 173 1000001000111
101 90 1000001000110
93 105 001001010110
28 35 1000001000001
92 154 1000001000000
172 153 1000001000011
81 38 1000001000010
116 156 1000001001101
171 152 1000001001100
135 63 1000001001111
52 44 1000001001110
40 41 1000001001001
95 41 1000001001000
48 63 001001010001
74 57 1000001001011
105 76 1000001001010
96 131 1000001110101
133 143 1000001110100
131 95 1000001110111
48 61 1000001110110
60 55 1000001110001
66 88 1000001110000
117 51 1000001110011
93 116 1000001110010
144 148 1000001111101
160 164 001001010000
192 198 1000001111100
202 206 001001010011
213 221 1000001111111
196 29 1000001111110
37 133 1000001111001
120 153 1000001111000
205 219 1000001111011
214 207 1000001111010
218 210 1000001100101
200 142 1000001100100
102 91 1000001100111
116 107 1000001100110
99 106 1000001100001
28 34 1000001100000
86 153 1000001100011
173 155 1000001100010
90 38 1000001101101
113 155 1000001101100
116 68 1000001101111
54 44 1000001101110
45 66 1000001101001
68 55 1000001101000
43 65 1000001101011
61 106 1000001101010
124 136 1000000010101
130 100 1000000010100
130 152 1000000010111
61 49 1000000010110
75 106 1000000010001
112 51 1000000010000
138 141 1000000010011
180 184 1000000010010
212 224 1000000011101
212 39 1000000011100
57 137 1000000011111
135 133 1000000011110
123 166 1000000011001
209 215 1000000011000
218 209 001001010010
175 122 1000000011011
107 96 1000000011010
113 100 1000000000101
93 98 1000000000100
28 33 1000000000111
80 151 1000000000110
175 160 1000000000001
99 43 1000000000000
112 154 1000000000011
140 66 1000000000010
42 53 1000000001101
42 57 1000000001100
51 49 1000000001111
85 47 1000000001110
80 53 1000000001001
36 80 1000000001000
142 130 1000000001011
126 92 1000000001010
58 88 1000000110101
125 114 1000000110100
60 45 1000000110111
83 109 1000000110110
108 52 1000000110001
102 128 1000000110000
179 183 1000000110011
217 206 1000000110010
222 85 1000000111101
63 137 1000000111100
128 176 1000000111111
203 215 1000000111110
213 207 001001011101
147 116 1000000111001
108 100 1000000111000
105 92 1000000111011
90 101 1000000111010
104 94 1000000100101
28 37 1000000100100
58 146 1000000100111
175 158 1000000100110
104 38 1000000100001
106 151 1000000100000
170 148 1000000100011
136 53 1000000100010
43 57 1000000101101
36 51 1000000101100
89 50 1000000101111
79 92 1000000101110
112 120 1000000101001
94 129 1000000101000
55 99 1000000101011
48 44 1000000101010
49 68 1000011010101
93 78 1000011010100
107 133 1000011010111
211 179 1000011010110
94 135 1000011010001
150 144 1000011010000
129 167 1000011010011
200 209 1000011010010
201 216 1000011011101
209 186 1000011011100
128 113 1000011011111
85 89 1000011011110
98 104 1000011011001
102 95 001001011100
92 94 1000011011000
33 37 1000011011011
54 140 1000011011010
172 160 1000011000101
114 52 1000011000100
106 150 1000011000111
169 147 1000011000110
149 59 1000011000001
46 59 001001011111
57 44 1000011000000
66 92 1000011000011
44 93 1000011000010
129 92 1000011001101
59 64 1000011001100
55 79 1000011001111
103 122 1000011001110
125 120 1000011001001
116 135 1000011001000
161 164 1000011001011
170 177 001001011110
185 192 1000011001010
197 200 1000011110101
106 143 1000011110100
138 147 1000011110111
199 219 1000011110110
104 92 1000011110001
80 93 1000011110000
93 95 1000011110011
48 130 1000011110010
121 60 1000011111101
104 149 1000011111100
154 64 1000011111111
53 67 1000011111110
61 55 1000011111001
44 82 1000011111000
52 71 1000011111011
72 54 1000011111010
82 112 1000011100101
81 53 1000011100100
98 52 1000011100111
43 53 1000011100110
65 91 1000011100001
129 105 1000011100000
59 97 1000011100011
125 133 1000011100010
168 174 1000011101101
183 190 1000011101100
214 210 1000011101111
215 208 1000011101110
129 136 1000011101001
202 220 1000011101000
204 157 1000011101011
117 102 1000011101010
95 95 1000010010101
83 98 1000010010100
103 93 1000010010111
87 92 1000010010110
94 87 1000010010001
39 35 1000010010000
45 123 1000010010011
125 59 1000010010010
101 146 1000010011101
171 150 1000010011100
144 72 1000010011111
63 41 1000010011110
45 41 001001011001
43 62 1000010011001
57 79 1000010011000
110 74 1000010011011
111 64 1000010011010
91 123 1000010000101
46 61 1000010000100
32 58 1000010000111
45 42 1000010000110
42 52 1000010000001
76 100 001001011000
115 120 1000010000000
128 84 1000010000011
64 113 1000010000010
180 187 1000010001101
193 198 1000010001100
214 205 001001011011
168 102 1000010001111
120 128 001001011010
154 130 1000010001110
127 167 1000010001001
191 142 1000010001000
107 90 1000010001011
89 95 1000010001010
86 75 1000010110101
93 100 1000010110100
90 71 1000010110111
44 120 1000010110110
171 173 001001000101
133 59 1000010110001
98 144 1000010110000
173 152 1000010110011
123 80 1000010110010
76 49 1000010111101
56 61 1000010111100
43 43 1000010111111
71 98 1000010111110
132 89 1000010111001
66 48 1000010111000
62 62 1000010111011
70 112 1000010111010
52 40 1000010100101
51 66 1000010100100
87 108 1000010100111
106 61 1000010100110
84 127 1000010100001
177 184 001001000100
217 217 1000010100000
202 74 1000010100011
75 79 1000010100010
87 93 1000010101101
100 108 1000010101100
148 133 1000010101111
135 189 1000010101110
220 209 1000010101001
171 120 1000010101000
87 77 1000010101011
85 88 1000010101010
78 85 1001101010101
91 92 1001101010100
81 57 1001101010111
33 34 1001101010110
45 114 1001101010001
170 179 1001101010000
142 63 1001101010011
96 143 1001101010010
174 154 001001000111
98 80 1001101011101
70 48 1001101011100
53 63 1001101011111
35 87 1001101011110
109 74 1001101011001
115 60 1001101011000
47 42 1001101011011
58 78 1001101011010
123 116 1001101000101
71 55 001001000110
104 131 1001101000100
148 151 1001101000111
217 212 1001101000110
215 80 1001101000001
74 69 1001101000000
66 68 1001101000011
108 144 1001101000010
159 156 1001101001101
157 202 1001101001100
216 203 1001101001111
141 93 1001101001110
84 82 1001101001001
80 102 1001101001000
70 53 1001101001011
58 114 1001101001010
167 181 1001101110101
95 142 001001000001
58 45 1001101110100
50 56 1001101110111
49 64 1001101110110
64 59 1001101110001
43 52 1001101110000
57 40 1001101110011
94 128 1001101110010
37 45 1001101111101
114 91 1001101111100
53 81 1001101111111
123 131 1001101111110
215 127 1001101111001
85 74 1001101111000
58 143 1001101111011
189 174 1001101111010
174 207 1001101100101
206 177 1001101100100
101 70 1001101100111
62 74 1001101100110
81 86 1001101100001
84 84 1001101100000
91 101 1001101100011
80 80 1001101100010
77 120 1001101101101
169 186 1001101101100
162 84 1001101101111
173 154 1001101101110
53 57 1001101101001
48 64 1001101101000
61 58 1001101101011
48 40 1001101101010
42 81 1001100010101
35 43 1001100010100
97 59 1001100010111
55 116 1001100010110
168 175 1001100010001
211 215 1001100010000
216 179 1001100010011
89 102 1001100010010
96 90 1001100011101
78 61 1001100011100
46 38 001001000000
42 156 1001100011111
211 171 1001100011110
178 211 1001100011001
197 142 1001100011000
74 93 1001100011011
106 90 1001100011010
99 82 1001100000101
76 92 1001100000100
169 184 1001100000111
165 107 1001100000110
97 143 1001100000001
176 181 001001000011
172 148 1001100000000
110 82 1001100000011
49 40 1001100000010
46 53 1001100001101
53 40 1001100001100
68 45 1001100001111
59 67 001001000010
61 107 1001100001110
109 84 1001100001001
39 41 1001100001000
47 68 1001100001011
118 89 1001100001010
57 51 1001100110101
113 123 1001100110100
133 137 1001100110111
164 171 1001100110110
192 199 1001100110001
211 212 1001100110000
80 95 1001100110011
102 94 1001100110010
58 139 1001100111101
192 190 1001100111100
136 62 1001100111111
48 68 1001100111110
69 68 1001100111001
91 105 1001100111000
90 74 001001001101
74 88 1001100111011
73 93 1001100111010
113 127 1001100100101
167 180 1001100100100
164 108 1001100100111
167 173 1001100100110
178 183 1001100100001
177 154 1001100100000
77 54 1001100100011
79 41 1001100100010
37 86 1001100101101
65 79 1001100101100
60 85 1001100101111
95 122 1001100101110
87 69 1001100101001
37 35 1001100101000
40 49 1001100101011
65 88 1001100101010
99 90 1001111010101
69 102 1001111010100
164 170 1001111010111
200 206 1001111010110
108 89 1001111010001
78 73 1001111010000
75 152 1001111010011
163 124 1001111010010
85 50 1001111011101
65 66 1001111011100
73 88 1001111011111
80 69 1001111011110
80 94 1001111011001
66 65 1001111011000
59 82 1001111011011
160 175 1001111011010
165 113 1001111000101
169 175 1001111000100
175 154 1001111000111
96 70 1001111000110
44 69 1001111000001
82 56 1001111000000
98 62 1001111000011
52 82 1001111000010
68 53 1001111001101
90 130 1001111001100
43 49 001001001100
74 70 1001111001111
59 59 1001111001110
75 90 1001111001001
104 119 1001111001000
162 168 1001111001011
185 191 1001111001010
155 83 1001111110101
89 146 1001111110100
189 171 1001111110111
115 74 1001111110110
64 67 1001111110001
76 70 1001111110000
86 106 1001111110011
100 80 1001111110010
93 106 1001111111101
113 102 1001111111100
81 67 1001111111111
46 65 1001111111110
149 172 1001111111001
167 119 1001111111000
100 137 1001111111011
49 62 1001111111010
66 54 1001111100101
63 43 1001111100100
110 71 1001111100111
122 62 1001111100110
38 55 1001111100001
53 65 1001111100000
123 132 1001111100011
183 189 1001111100010
195 200 1001111101101
213 217 1001111101100
195 78 1001111101111
90 97 1001111101110
99 124 1001111101001
134 111 1001111101000
83 75 1001111101011
81 85 1001111101010
76 82 001001001111
98 105 1001110010101
88 67 1001110010100
113 96 1001110010111
74 62 1001110010110
60 60 1001110010001
148 179 1001110010000
175 133 1001110010011
102 137 1001110010010
164 175 1001110011101
179 150 1001110011100
58 46 1001110011111
49 55 1001110011110
71 56 1001110011001
50 80 1001110011000
112 49 1001110011011
69 105 1001110011010
91 75 1001110000101
48 74 1001110000100
82 95 1001110000111
121 126 1001110000110
129 127 1001110000001
159 165 1001110000000
170 175 1001110000011
208 82 1001110000010
102 87 1001110001101
93 79 1001110001100
82 94 1001110001111
95 86 1001110001110
75 64 1001110001001
71 95 1001110001000
105 86 1001110001011
68 59 1001110001010
157 195 1001110110101
192 160 1001110110100
109 141 1001110110111
167 176 1001110110110
177 183 1001110110001
170 131 1001110110000
54 72 1001110110011
49 112 1001110110010
87 40 1001110111101
107 62 1001110111100
45 85 1001110111111
58 73 1001110111110
107 55 1001110111001
43 60 1001110111000
119 122 1001110111011
168 173 1001110111010
206 109 1001110100101
102 108 1001110100100
112 116 001001001110
114 108 1001110100111
109 110 1001110100110
97 82 1001110100001
83 71 110101110101
73 72 1001110100000
85 116 1001110100011
127 114 1001110100010
60 54 1001110101101
60 68 1001110101100
201 180 1001110101111
104 136 1001110101110
164 174 1001110101001
171 123 1001110101000
59 65 1001110101011
56 116 1001110101010
110 84 1001001010101
135 55 1001001010100
53 88 1001001010111
104 90 1001001010110
62 34 1001001010001
50 62 1001001010000
84 99 1001001010011
106 107 1001001010010
121 127 1001001011101
158 163 1001001011100
187 196 1001001011111
201 201 1001001011110
206 160 1001001011001
82 89 1001001011000
115 110 1001001011011
123 109 1001001011010
80 73 1001001000101
77 88 1001001000100
106 126 1001001000111
122 102 1001001000110
77 58 1001001000001
62 73 1001001000000
166 200 1001001000011
196 183 1001001000010
106 138 1001001001101
165 174 1001001001100
178 187 1001001001111
166 112 1001001001110
59 52 1001001001001
64 95 1001001001000
116 80 1001001001011
83 87 110101110100
68 99 1001001001010
46 64 1001001110101
73 48 1001001110100
54 79 1001001110111
104 67 1001001110110
166 168 1001001110001
185 194 1001001110000
209 203 1001001110011
92 97 1001001110010
107 117 1001001111101
127 103 1001001111100
108 85 1001001111111
79 99 1001001111110
11101101010
