164 164 0011
139 116 11011
87 87 101
87 116 11000
116 116 0001
139 139 010
139 164 01111
164 202 011011
202 202 0000
202 164 111010
116 139 11010
116 87 11110
164 139 11100
164 116 1111101
87 49 01100
202 116 110010011
49 49 100
116 49 0110101
202 87 11111101
202 139 110011101
139 202 110011100
164 87 01101001
116 164 1100110
139 87 1111100
87 139 111011
49 87 01110
49 139 1111111
139 49 01101000
116 202 110010010
164 49 110010001
49 202 1100111101
202 49 110010000
49 116 1100101
87 202 1100111100
87 164 11111100
49 164 110011111
0010
