158 158 00100
158 175 111110
175 158 0101001
143 123 1110100
96 96 1100
96 111 011001
111 111 00110
111 123 110111
123 123 10100
131 131 01110
143 131 0011101
131 143 101010
143 158 11100
158 200 00010111
200 218 00010110
218 175 0001000111
123 131 101111
143 175 001111001
143 143 0000
218 200 01101000
175 175 00011
111 96 111011
131 123 0011111
123 111 1011100
158 143 010110
200 200 0100
158 111 0011100000
76 50 10110
123 143 01100010
175 200 111111
218 218 00111101
200 111 00111000010
123 76 011110100
50 50 100
96 76 010101
111 143 01111011
131 111 10101101
111 131 00010000
123 50 001110011
200 96 0011100011
200 143 0111100100
143 200 0011100010
175 96 0001000110
111 50 00010100
143 111 1011101
200 123 1110101101
200 175 0110000
175 123 0110001101
175 111 110110011
123 175 01010000001
143 96 010100010
96 131 01101011
76 76 11010
76 96 011011
200 158 010111001
218 76 01010000000
111 76 00010011
96 50 0111110
50 32 011110011
158 131 01111111
123 96 110110010
158 76 111010101
50 76 11110
50 131 010100001
131 96 110110101
111 158 11011011
143 50 11011000
50 96 0101111
143 76 1010110000
96 123 00010010
218 96 0110100110111
76 111 1010111
158 123 0011110001
96 143 01101010
218 158 011010011010
131 175 0110001100
76 123 001110010
76 131 0101000111
200 131 01101001110
111 200 111010111
111 175 1010110011
50 143 011110001
76 143 000101010
175 218 00010101101
175 50 1010110010
50 200 011110010101
200 50 110110100
50 111 01011101
96 200 1110101100
218 50 011110010100
175 143 01111110
123 158 011110000
123 200 01101001001
131 50 0101000110
50 123 011000111
131 158 000100010
131 200 01101001000
32 50 111010100
96 158 0101110001
50 158 0011110000
175 131 001110000110
32 96 011110010111
158 96 0001010111
76 218 0110100110110
32 111 0110100110001
158 50 0101110000
96 218 000101011001
218 111 01101001011
76 158 0111101011
32 143 01101001010
76 175 011110010110
131 76 0101000001
32 76 000101011000
175 76 10101100011
76 200 0110100110000
218 143 0110100110011
32 123 0110100110010
96 175 101011000101
200 76 01111010101
76 32 101011000100
131 32 0110100111101
123 32 001110000111
32 32 01111010100
200 32 0110100111100
218 32 0110100111111
50 175 0110100111110
00101
