154 154 0000
154 182 011101
182 154 101101
154 126 10001
98 98 110
98 126 00111
126 126 010
126 98 011111
210 210 1001
210 182 0011010
182 182 0110
126 154 10101
154 98 1110111
70 42 10000
182 210 111001
210 126 011110010
126 70 1011000
42 42 0010
154 210 001101111
182 98 11101100
210 154 111000110
210 238 111010111
70 70 1111
98 70 10111
182 126 11100010
238 182 10110010101
126 182 01111000
238 210 101100100100
70 98 001100
210 70 1011001000
98 42 0111001
154 70 10110011
42 70 10100
42 126 00110110
98 154 1110000
210 98 0011011101
238 154 1011001001011
70 126 0111101
42 98 0111000
98 210 0011011100
70 154 11101010
182 42 111010110
98 182 1110110100
70 210 101100100111
210 42 111011011
126 210 1011001011
126 42 1110100
42 154 011110011
70 182 101100100110
154 42 111000111
182 70 10110010100
182 238 1110110101
42 182 1011001001010
0001
