165 155 00101111
155 155 1001
155 165 110000
165 175 0101011
175 165 00110110
145 125 00110001
95 95 001001
105 105 10001
115 115 001111
115 125 0010000
125 125 00011
135 125 0000101
135 135 01001
125 135 011100
145 135 0001000
105 125 00100010
145 155 0000001
155 195 0100001111
215 215 110011
215 185 111011100
145 175 1010010001
105 115 0000100
115 105 00001110
95 105 111001
125 115 1100101
135 145 101011
205 215 1000000
155 105 01101001001
75 45 00111010
165 165 11010
125 145 011011110
155 145 0010110
185 205 00110100100
195 115 001101001010
125 75 1010010000
45 45 10110
95 85 0110001
115 145 1110101000
155 205 1010010011
215 175 11101010011
65 45 00010011
115 135 10000111
225 205 11101010010
125 65 0100001110
45 55 001010
145 145 1111
195 215 00110100111
185 105 0110101100011
165 205 00110100110
215 225 010000110
215 145 0110101100010
125 55 0100001001
55 45 010100
145 185 1010010010
125 105 011101111
55 55 10111
225 215 0100001000
175 95 01101001000
115 55 0110010100
145 115 01100000
185 215 1110101011
225 225 1110101010
205 125 0110101101101
225 185 01101001011
115 65 1010011101
175 155 11100001
145 165 0111101
175 175 11011
175 185 0011100
185 175 10101001
145 105 1010011100
65 55 0101101
185 165 0001001011
185 195 0101111
175 125 00000000101
205 115 011010110000
155 135 01000101
85 85 00000111
85 95 0000110
125 155 001100000
195 195 011111
175 115 00110100001
155 215 011010110011
225 175 11101011101
155 125 010000001
105 135 01100111
85 75 1000010
105 95 0000010
125 175 00110100000
195 185 01000111
205 195 11000100
135 195 11101011100
235 195 0110101101100
35 35 10101000
135 105 111000100
95 135 011011001
195 165 11101011111
215 75 11101011110
165 145 01000110
115 75 111011111
185 185 0101110
195 205 0111100
95 45 0001001010
55 35 111011110
95 75 01000100
205 205 000101
125 95 011011000
155 85 1010011111
55 75 01011001
45 35 001100100
135 115 000100100
115 95 011011011
105 45 110010011
35 125 11101011001
135 155 00111011
155 175 101001011
225 85 0110101101111
45 65 00000110
115 155 110010010
105 75 10101011
215 205 01100110
95 115 11001000
65 75 10100001
145 55 01101001010
65 105 011011010
165 185 001100111
95 125 01110101
85 45 010110001
55 65 1010001
105 145 0011011101
225 95 0110101101110
75 85 10000110
75 105 010000000
75 95 001000111
105 85 011101101
165 135 110001101
55 95 110001100
35 45 010000011
225 155 0110101101001
85 115 010000010
35 65 00000000100
95 35 00110100011
55 85 110001111
115 165 1010011110
135 175 1010011001
105 65 111011001
75 125 0100001011
65 135 1010011000
215 85 11101011000
45 85 110001110
185 125 00110100010
115 205 01101110101
45 95 101001010
115 175 00110101101
175 195 111011000
65 95 001100110
45 135 0011011100
75 145 00110101100
145 85 01101110100
175 215 11101011011
225 235 0110101101000
175 45 01101110111
75 75 00000001
105 195 0110101101011
175 105 00110101111
55 205 0110101101010
205 165 01101110110
205 225 0110100010101
215 45 11101011010
45 105 0011011111
95 215 011010110010
105 155 101010101
135 95 1010011011
45 115 0100001010
225 35 011010111101
175 145 111011011
205 135 11101000101
175 205 01101110001
95 205 011010111100
165 195 101010100
205 175 0110010111
195 45 11101000100
35 85 1010011010
125 205 011010111111
135 45 0110010110
205 185 111011010
155 115 01101110000
45 125 01101110011
115 85 101000001
205 95 0110100010100
85 145 00000000111
135 165 011101100
205 155 11101000111
215 35 0110100010111
45 75 01110100
195 155 01101110010
95 145 0000111101
125 165 0110010001
155 185 00000000110
165 125 11101000110
135 215 0110100010110
85 105 11100000
175 225 0110100010001
195 175 00110101110
95 65 0000111100
45 155 0110100010000
185 135 011010111110
95 155 01101111101
215 95 0110100010011
145 95 00110101001
65 85 001000110
55 185 0110100010010
185 115 11101000001
205 55 011010111001
35 95 00000000001
85 65 010110000
75 115 0101010001
155 95 00110101000
195 135 11101000000
125 195 011010111000
165 45 0110100011101
35 105 1100010101
35 145 00000000000
195 95 011010111011
185 155 011010111010
85 215 11101000011
165 95 00110101011
65 35 00110101010
55 125 0011011110
105 35 11101000010
35 135 011010100101
35 165 011010100100
75 55 01100001
55 105 1100010100
65 125 0110010000
85 135 0110010011
165 55 11101001101
65 65 1000001
115 45 010101001
85 55 001100001
75 65 01010101
125 45 0110010010
95 225 0110100011100
215 125 0110100011111
75 35 0101010000
35 55 0000111111
195 145 011010100111
55 115 01101111100
95 185 0110100011110
215 115 11101001100
45 165 00110010101
115 185 011010100110
225 115 0110100011001
105 55 00000000011
75 165 011010100001
95 55 0000111110
195 125 011010100000
215 195 11101001111
35 75 00000000010
85 165 11101001110
65 145 01101111111
85 125 011101110
45 145 0110100011000
145 65 1110001101
155 55 00110010100
165 115 00110010111
125 85 1010000001
125 185 011010100011
155 75 0110100011011
165 75 01101111110
65 115 110001011
85 35 111000101
35 115 11101001001
175 75 011010100010
85 185 0110100011010
135 75 11101001000
165 85 011010101101
55 135 1110001100
215 135 011010101100
175 235 0110100000101
135 85 1110001111
105 175 0110100000100
175 85 10100000001
75 155 0110100000111
185 55 0110100000110
135 35 11101001011
105 165 011010101111
185 85 0110100000001
195 65 0110100000000
135 185 011010101110
225 195 0110100000011
135 55 1110001110
75 135 11101001010
115 195 10100000000
145 35 011010101001
145 195 0110100000010
205 45 0110100001101
115 35 0110100001100
25 35 0110100001111
195 225 0110100001110
205 35 011010101000
185 225 0110100001001
145 45 11101110101
185 235 0110100001000
55 165 0110100001011
195 35 0110100001010
35 155 0110100110101
145 75 11101110100
65 155 011010101011
85 155 00110010110
165 105 11101110111
135 65 0110100110100
215 105 011010101010
85 175 0110100110111
105 205 0110100110110
135 205 0110100110001
95 165 0110100110000
185 95 0110100110011
185 45 011001010101
55 145 011001010100
215 165 11101110110
205 85 011001010111
155 45 0110100110010
165 35 0110100111101
225 165 0110100111100
125 35 011001010110
205 145 0110100111111
165 65 0110100111110
205 75 0110100111001
155 65 0110100111000
35 175 0110100111011
55 155 0110100111010
175 135 001101001011
00101110
